execute if entity @s[tag=aj.sandra.bone.right_leg] run data modify entity @s {} merge value {transformation:[-0.9210155305275518f,0.38952585604430945f,-8.326672684688674e-17f,-0.12140625f,-2.7755575615628914e-17f,0f,1f,0.125f,0.38952585604430945f,0.9210155305275519f,-1.0197233050851682e-32f,-0.0026562500000000154f,0f,0f,0f,1f],start_interpolation:0}
execute if entity @s[tag=aj.sandra.bone.left_leg] run data modify entity @s {} merge value {transformation:[-0.9210155305275518f,-0.38952585604430967f,8.326672684688674e-17f,0.12140625f,2.7755575615628914e-17f,0f,1f,0.125f,-0.38952585604430967f,0.9210155305275519f,1.0197233050851682e-32f,0.0026562500000000154f,0f,0f,0f,1f],start_interpolation:0}
execute if entity @s[tag=aj.sandra.bone.left_arm] run data modify entity @s {} merge value {transformation:[-1f,3.682583948479539e-17f,1.16796641102639e-16f,0.31249999999999994f,0f,0.9537169507482268f,-0.3007057995042731f,0.5666198995266419f,-1.2246467991473532e-16f,-0.3007057995042731f,-0.9537169507482268f,0.3203014681597218f,0f,0f,0f,1f],start_interpolation:0}
execute if entity @s[tag=aj.sandra.bone.bodywear] run data modify entity @s {} merge value {transformation:[-1f,-6.580022455450643e-17f,1.0328566345430089e-16f,5.037578275568169e-17f,0f,0.8433914458128857f,0.5372996083468239f,-0.5818420458263736f,-1.2246467991473532e-16f,0.5372996083468239f,-0.8433914458128857f,-0.4113494828938048f,0f,0f,0f,1f],start_interpolation:0}
execute if entity @s[tag=aj.sandra.bone.torso] run data modify entity @s {} merge value {transformation:[-1f,-6.580022455450643e-17f,1.0328566345430089e-16f,-4.8324554076077956e-17f,0f,0.8433914458128857f,0.5372996083468239f,0.683245122892955f,-1.2246467991473532e-16f,0.5372996083468239f,-0.8433914458128857f,0.394599929626431f,0f,0f,0f,1f],start_interpolation:0}
execute if entity @s[tag=aj.sandra.bone.right_arm] run data modify entity @s {} merge value {transformation:[-1f,3.682583948479539e-17f,1.16796641102639e-16f,-0.31250000000000006f,0f,0.9537169507482268f,-0.3007057995042731f,0.5666198995266419f,-1.2246467991473532e-16f,-0.3007057995042731f,-0.9537169507482268f,0.3203014681597217f,0f,0f,0f,1f],start_interpolation:0}
execute if entity @s[tag=aj.sandra.bone.headwear] run data modify entity @s {} merge value {transformation:[-1f,1.6779172568450564e-17f,1.2130975721077318e-16f,-4.695279135832551e-17f,0f,0.9905693404435774f,-0.13701234168196808f,0.6903811333163113f,-1.2246467991473532e-16f,-0.13701234168196808f,-0.9905693404435774f,0.3833986369867286f,0f,0f,0f,1f],start_interpolation:0}
execute if entity @s[tag=aj.sandra.bone.head] run data modify entity @s {} merge value {transformation:[-1f,1.6779172568450564e-17f,1.2130975721077318e-16f,-4.695279135832551e-17f,0f,0.9905693404435774f,-0.13701234168196808f,0.6903811333163113f,-1.2246467991473532e-16f,-0.13701234168196808f,-0.9905693404435774f,0.3833986369867286f,0f,0f,0f,1f],start_interpolation:0}