execute if entity @s[tag=aj.sandra.bone.right_leg] run data modify entity @s {} merge value {transformation:[-0.9225380894562464f,0.38590604232431847f,-8.326672684688673e-17f,-0.12f,0f,2.220446049250313e-16f,1f,0.125f,0.38590604232431847f,0.9225380894562463f,-1.1102230246251565e-16f,-0.001250000000000015f,0f,0f,0f,1f],start_interpolation:0}
execute if entity @s[tag=aj.sandra.bone.left_leg] run data modify entity @s {} merge value {transformation:[-0.9225380894562464f,-0.3859060423243187f,8.326672684688675e-17f,0.12f,0f,2.220446049250313e-16f,1f,0.125f,-0.3859060423243187f,0.9225380894562463f,-1.1102230246251564e-16f,0.001250000000000015f,0f,0f,0f,1f],start_interpolation:0}
execute if entity @s[tag=aj.sandra.bone.left_arm] run data modify entity @s {} merge value {transformation:[-1f,3.682583948479539e-17f,1.16796641102639e-16f,0.31249999999999994f,0f,0.9537169507482268f,-0.3007057995042731f,0.5763278835012023f,-1.2246467991473532e-16f,-0.3007057995042731f,-0.9537169507482268f,0.3181492599275386f,0f,0f,0f,1f],start_interpolation:0}
execute if entity @s[tag=aj.sandra.bone.bodywear] run data modify entity @s {} merge value {transformation:[-1f,-6.580022455450643e-17f,1.0328566345430089e-16f,5.110201007684474e-17f,0f,0.8433914458128857f,0.5372996083468239f,-0.578064157955185f,-1.2246467991473532e-16f,0.5372996083468239f,-0.8433914458128857f,-0.4172795789971766f,0f,0f,0f,1f],start_interpolation:0}
execute if entity @s[tag=aj.sandra.bone.torso] run data modify entity @s {} merge value {transformation:[-1f,-6.580022455450643e-17f,1.0328566345430089e-16f,-4.75983267549149e-17f,0f,0.8433914458128857f,0.5372996083468239f,0.6870230107641436f,-1.2246467991473532e-16f,0.5372996083468239f,-0.8433914458128857f,0.38866983352305917f,0f,0f,0f,1f],start_interpolation:0}
execute if entity @s[tag=aj.sandra.bone.right_arm] run data modify entity @s {} merge value {transformation:[-1f,3.682583948479539e-17f,1.16796641102639e-16f,-0.31250000000000006f,0f,0.9537169507482268f,-0.3007057995042731f,0.5763278835012023f,-1.2246467991473532e-16f,-0.3007057995042731f,-0.9537169507482268f,0.3181492599275385f,0f,0f,0f,1f],start_interpolation:0}
execute if entity @s[tag=aj.sandra.bone.headwear] run data modify entity @s {} merge value {transformation:[-1f,1.9157696688784732e-17f,1.2095693648649962e-16f,-4.695279135832551e-17f,0f,0.9876883405951378f,-0.1564344650402309f,0.6903811333163113f,-1.2246467991473532e-16f,-0.1564344650402309f,-0.9876883405951378f,0.3833986369867286f,0f,0f,0f,1f],start_interpolation:0}
execute if entity @s[tag=aj.sandra.bone.head] run data modify entity @s {} merge value {transformation:[-1f,1.9157696688784732e-17f,1.2095693648649962e-16f,-4.695279135832551e-17f,0f,0.9876883405951378f,-0.1564344650402309f,0.6903811333163113f,-1.2246467991473532e-16f,-0.1564344650402309f,-0.9876883405951378f,0.3833986369867286f,0f,0f,0f,1f],start_interpolation:0}