execute if entity @s[tag=aj.sandra.bone.right_leg] run data modify entity @s {} merge value {transformation:[-0.9230424487681941f,0.38469811251423586f,-5.551115123125777e-17f,-0.11953124999999999f,0f,4.440892098500626e-16f,0.9999999999999998f,0.125f,0.38469811251423586f,0.9230424487681939f,-4.440892098500626e-16f,-0.0007812500000000147f,0f,0f,0f,1f],start_interpolation:0}
execute if entity @s[tag=aj.sandra.bone.left_leg] run data modify entity @s {} merge value {transformation:[-0.9230424487681941f,-0.3846981125142361f,5.551115123125788e-17f,0.11953124999999999f,0f,4.440892098500626e-16f,0.9999999999999998f,0.125f,-0.3846981125142361f,0.9230424487681939f,-4.440892098500626e-16f,0.0007812500000000147f,0f,0f,0f,1f],start_interpolation:0}
execute if entity @s[tag=aj.sandra.bone.left_arm] run data modify entity @s {} merge value {transformation:[-1f,3.682583948479539e-17f,1.16796641102639e-16f,0.31249999999999994f,0f,0.9537169507482268f,-0.3007057995042731f,0.5795638781593891f,-1.2246467991473532e-16f,-0.3007057995042731f,-0.9537169507482268f,0.3174318571834775f,0f,0f,0f,1f],start_interpolation:0}
execute if entity @s[tag=aj.sandra.bone.bodywear] run data modify entity @s {} merge value {transformation:[-1f,-6.580022455450643e-17f,1.0328566345430089e-16f,5.134408585056577e-17f,0f,0.8433914458128857f,0.5372996083468239f,-0.5768048619981221f,-1.2246467991473532e-16f,0.5372996083468239f,-0.8433914458128857f,-0.41925627769830065f,0f,0f,0f,1f],start_interpolation:0}
execute if entity @s[tag=aj.sandra.bone.torso] run data modify entity @s {} merge value {transformation:[-1f,-6.580022455450643e-17f,1.0328566345430089e-16f,-4.7356250981193875e-17f,0f,0.8433914458128857f,0.5372996083468239f,0.6882823067212065f,-1.2246467991473532e-16f,0.5372996083468239f,-0.8433914458128857f,0.3866931348219351f,0f,0f,0f,1f],start_interpolation:0}
execute if entity @s[tag=aj.sandra.bone.right_arm] run data modify entity @s {} merge value {transformation:[-1f,3.682583948479539e-17f,1.16796641102639e-16f,-0.31250000000000006f,0f,0.9537169507482268f,-0.3007057995042731f,0.5795638781593891f,-1.2246467991473532e-16f,-0.3007057995042731f,-0.9537169507482268f,0.3174318571834774f,0f,0f,0f,1f],start_interpolation:0}
execute if entity @s[tag=aj.sandra.bone.headwear] run data modify entity @s {} merge value {transformation:[-1f,1.9948942008827586e-17f,1.208289598537826e-16f,-4.695279135832551e-17f,0f,0.9866433320848791f,-0.1628954733945886f,0.6903811333163113f,-1.2246467991473532e-16f,-0.1628954733945886f,-0.9866433320848791f,0.3833986369867286f,0f,0f,0f,1f],start_interpolation:0}
execute if entity @s[tag=aj.sandra.bone.head] run data modify entity @s {} merge value {transformation:[-1f,1.9948942008827586e-17f,1.208289598537826e-16f,-4.695279135832551e-17f,0f,0.9866433320848791f,-0.1628954733945886f,0.6903811333163113f,-1.2246467991473532e-16f,-0.1628954733945886f,-0.9866433320848791f,0.3833986369867286f,0f,0f,0f,1f],start_interpolation:0}