execute if entity @s[tag=aj.sandra.bone.right_leg] run data modify entity @s {} merge value {transformation:[-0.9238795325112867f,0.3826834323650896f,-8.326672684688672e-17f,-0.11875f,-2.7755575615628914e-17f,2.220446049250313e-16f,0.9999999999999999f,0.125f,0.3826834323650896f,0.9238795325112866f,-2.220446049250313e-16f,-1.4542680739874818e-17f,0f,0f,0f,1f],start_interpolation:0}
execute if entity @s[tag=aj.sandra.bone.left_leg] run data modify entity @s {} merge value {transformation:[-0.9238795325112867f,-0.38268343236508984f,8.326672684688677e-17f,0.11875f,2.7755575615628914e-17f,2.220446049250313e-16f,0.9999999999999999f,0.125f,-0.38268343236508984f,0.9238795325112866f,-2.220446049250313e-16f,1.4542680739874818e-17f,0f,0f,0f,1f],start_interpolation:0}
execute if entity @s[tag=aj.sandra.bone.left_arm] run data modify entity @s {} merge value {transformation:[-1f,3.682583948479539e-17f,1.16796641102639e-16f,0.31249999999999994f,0f,0.9537169507482268f,-0.3007057995042731f,0.5849572025897005f,-1.2246467991473532e-16f,-0.3007057995042731f,-0.9537169507482268f,0.3162361859433757f,0f,0f,0f,1f],start_interpolation:0}
execute if entity @s[tag=aj.sandra.bone.bodywear] run data modify entity @s {} merge value {transformation:[-1f,-6.580022455450643e-17f,1.0328566345430089e-16f,5.1747545473434134e-17f,0f,0.8433914458128857f,0.5372996083468239f,-0.5747060354030172f,-1.2246467991473532e-16f,0.5372996083468239f,-0.8433914458128857f,-0.4225507755335072f,0f,0f,0f,1f],start_interpolation:0}
execute if entity @s[tag=aj.sandra.bone.torso] run data modify entity @s {} merge value {transformation:[-1f,-6.580022455450643e-17f,1.0328566345430089e-16f,-4.695279135832551e-17f,0f,0.8433914458128857f,0.5372996083468239f,0.6903811333163113f,-1.2246467991473532e-16f,0.5372996083468239f,-0.8433914458128857f,0.3833986369867286f,0f,0f,0f,1f],start_interpolation:0}
execute if entity @s[tag=aj.sandra.bone.right_arm] run data modify entity @s {} merge value {transformation:[-1f,3.682583948479539e-17f,1.16796641102639e-16f,-0.31250000000000006f,0f,0.9537169507482268f,-0.3007057995042731f,0.5849572025897005f,-1.2246467991473532e-16f,-0.3007057995042731f,-0.9537169507482268f,0.3162361859433756f,0f,0f,0f,1f],start_interpolation:0}
execute if entity @s[tag=aj.sandra.bone.headwear] run data modify entity @s {} merge value {transformation:[-1f,2.1265768495757694e-17f,1.2060416625018979e-16f,-4.695279135832551e-17f,0f,0.9848077530122081f,-0.17364817766693014f,0.6903811333163113f,-1.2246467991473532e-16f,-0.17364817766693014f,-0.9848077530122081f,0.3833986369867286f,0f,0f,0f,1f],start_interpolation:0}
execute if entity @s[tag=aj.sandra.bone.head] run data modify entity @s {} merge value {transformation:[-1f,2.1265768495757694e-17f,1.2060416625018979e-16f,-4.695279135832551e-17f,0f,0.9848077530122081f,-0.17364817766693014f,0.6903811333163113f,-1.2246467991473532e-16f,-0.17364817766693014f,-0.9848077530122081f,0.3833986369867286f,0f,0f,0f,1f],start_interpolation:0}