execute if entity @s[tag=aj.sandra.bone.right_leg] run data modify entity @s {} merge value {transformation:[-0.9208454801410263f,0.3899276877881881f,-5.5511151231257815e-17f,-0.12156249999999999f,0f,2.220446049250313e-16f,1f,0.125f,0.3899276877881881f,0.9208454801410263f,-1.1102230246251565e-16f,-0.0028125000000000146f,0f,0f,0f,1f],start_interpolation:0}
execute if entity @s[tag=aj.sandra.bone.left_leg] run data modify entity @s {} merge value {transformation:[-0.9208454801410263f,-0.3899276877881883f,5.551115123125784e-17f,0.12156249999999999f,0f,2.220446049250313e-16f,1f,0.125f,-0.3899276877881883f,0.9208454801410263f,-1.1102230246251564e-16f,0.0028125000000000146f,0f,0f,0f,1f],start_interpolation:0}
execute if entity @s[tag=aj.sandra.bone.left_arm] run data modify entity @s {} merge value {transformation:[-1f,3.682583948479539e-17f,1.16796641102639e-16f,0.31249999999999994f,0f,0.9537169507482268f,-0.3007057995042731f,0.5655412346405797f,-1.2246467991473532e-16f,-0.3007057995042731f,-0.9537169507482268f,0.32054060240774224f,0f,0f,0f,1f],start_interpolation:0}
execute if entity @s[tag=aj.sandra.bone.bodywear] run data modify entity @s {} merge value {transformation:[-1f,-6.580022455450643e-17f,1.0328566345430089e-16f,5.0295090831108026e-17f,0f,0.8433914458128857f,0.5372996083468239f,-0.5822618111453945f,-1.2246467991473532e-16f,0.5372996083468239f,-0.8433914458128857f,-0.41069058332676345f,0f,0f,0f,1f],start_interpolation:0}
execute if entity @s[tag=aj.sandra.bone.torso] run data modify entity @s {} merge value {transformation:[-1f,-6.580022455450643e-17f,1.0328566345430089e-16f,-4.840524600065162e-17f,0f,0.8433914458128857f,0.5372996083468239f,0.682825357573934f,-1.2246467991473532e-16f,0.5372996083468239f,-0.8433914458128857f,0.3952588291934723f,0f,0f,0f,1f],start_interpolation:0}
execute if entity @s[tag=aj.sandra.bone.right_arm] run data modify entity @s {} merge value {transformation:[-1f,3.682583948479539e-17f,1.16796641102639e-16f,-0.31250000000000006f,0f,0.9537169507482268f,-0.3007057995042731f,0.5655412346405797f,-1.2246467991473532e-16f,-0.3007057995042731f,-0.9537169507482268f,0.3205406024077421f,0f,0f,0f,1f],start_interpolation:0}
execute if entity @s[tag=aj.sandra.bone.headwear] run data modify entity @s {} merge value {transformation:[-1f,1.651447601217579e-17f,1.213460749619115e-16f,-4.695279135832551e-17f,0f,0.9908658973868822f,-0.13485093027372297f,0.6903811333163113f,-1.2246467991473532e-16f,-0.13485093027372297f,-0.9908658973868822f,0.3833986369867286f,0f,0f,0f,1f],start_interpolation:0}
execute if entity @s[tag=aj.sandra.bone.head] run data modify entity @s {} merge value {transformation:[-1f,1.651447601217579e-17f,1.213460749619115e-16f,-4.695279135832551e-17f,0f,0.9908658973868822f,-0.13485093027372297f,0.6903811333163113f,-1.2246467991473532e-16f,-0.13485093027372297f,-0.9908658973868822f,0.3833986369867286f,0f,0f,0f,1f],start_interpolation:0}