execute if entity @s[tag=aj.sandra.bone.right_leg] run data modify entity @s {} merge value {transformation:[-0.9220321494004292f,0.38711331089491663f,-5.551115123125777e-17f,-0.12046875f,0f,4.440892098500626e-16f,0.9999999999999998f,0.125f,0.38711331089491663f,0.9220321494004291f,-4.440892098500626e-16f,-0.001718750000000015f,0f,0f,0f,1f],start_interpolation:0}
execute if entity @s[tag=aj.sandra.bone.left_leg] run data modify entity @s {} merge value {transformation:[-0.9220321494004292f,-0.38711331089491685f,5.551115123125788e-17f,0.12046875f,0f,4.440892098500626e-16f,0.9999999999999998f,0.125f,-0.38711331089491685f,0.9220321494004291f,-4.440892098500626e-16f,0.001718750000000015f,0f,0f,0f,1f],start_interpolation:0}
execute if entity @s[tag=aj.sandra.bone.left_arm] run data modify entity @s {} merge value {transformation:[-1f,3.682583948479539e-17f,1.16796641102639e-16f,0.31249999999999994f,0f,0.9537169507482268f,-0.3007057995042731f,0.5730918888430155f,-1.2246467991473532e-16f,-0.3007057995042731f,-0.9537169507482268f,0.3188666626715997f,0f,0f,0f,1f],start_interpolation:0}
execute if entity @s[tag=aj.sandra.bone.bodywear] run data modify entity @s {} merge value {transformation:[-1f,-6.580022455450643e-17f,1.0328566345430089e-16f,5.085993430312373e-17f,0f,0.8433914458128857f,0.5372996083468239f,-0.5793234539122478f,-1.2246467991473532e-16f,0.5372996083468239f,-0.8433914458128857f,-0.41530288029605267f,0f,0f,0f,1f],start_interpolation:0}
execute if entity @s[tag=aj.sandra.bone.torso] run data modify entity @s {} merge value {transformation:[-1f,-6.580022455450643e-17f,1.0328566345430089e-16f,-4.7840402528635915e-17f,0f,0.8433914458128857f,0.5372996083468239f,0.6857637148070808f,-1.2246467991473532e-16f,0.5372996083468239f,-0.8433914458128857f,0.3906465322241831f,0f,0f,0f,1f],start_interpolation:0}
execute if entity @s[tag=aj.sandra.bone.right_arm] run data modify entity @s {} merge value {transformation:[-1f,3.682583948479539e-17f,1.16796641102639e-16f,-0.31250000000000006f,0f,0.9537169507482268f,-0.3007057995042731f,0.5730918888430155f,-1.2246467991473532e-16f,-0.3007057995042731f,-0.9537169507482268f,0.3188666626715996f,0f,0f,0f,1f],start_interpolation:0}
execute if entity @s[tag=aj.sandra.bone.headwear] run data modify entity @s {} merge value {transformation:[-1f,1.8365630716777465e-17f,1.210797317266335e-16f,-4.695279135832551e-17f,0f,0.9886910398241674f,-0.14996675555404493f,0.6903811333163113f,-1.2246467991473532e-16f,-0.14996675555404493f,-0.9886910398241674f,0.3833986369867286f,0f,0f,0f,1f],start_interpolation:0}
execute if entity @s[tag=aj.sandra.bone.head] run data modify entity @s {} merge value {transformation:[-1f,1.8365630716777465e-17f,1.210797317266335e-16f,-4.695279135832551e-17f,0f,0.9886910398241674f,-0.14996675555404493f,0.6903811333163113f,-1.2246467991473532e-16f,-0.14996675555404493f,-0.9886910398241674f,0.3833986369867286f,0f,0f,0f,1f],start_interpolation:0}