execute if entity @s[tag=aj.sandra.bone.right_leg] run data modify entity @s {} merge value {transformation:[-0.9232102171129809f,0.3842953226598036f,-2.7755575615628886e-17f,-0.119375f,2.7755575615628914e-17f,2.220446049250313e-16f,0.9999999999999999f,0.125f,0.3842953226598036f,0.9232102171129807f,-2.220446049250313e-16f,-0.0006250000000000143f,0f,0f,0f,1f],start_interpolation:0}
execute if entity @s[tag=aj.sandra.bone.left_leg] run data modify entity @s {} merge value {transformation:[-0.9232102171129809f,-0.3842953226598038f,2.775557561562894e-17f,0.119375f,-2.7755575615628914e-17f,2.220446049250313e-16f,0.9999999999999999f,0.125f,-0.3842953226598038f,0.9232102171129807f,-2.220446049250313e-16f,0.0006250000000000143f,0f,0f,0f,1f],start_interpolation:0}
execute if entity @s[tag=aj.sandra.bone.left_arm] run data modify entity @s {} merge value {transformation:[-1f,3.682583948479539e-17f,1.16796641102639e-16f,0.31249999999999994f,0f,0.9537169507482268f,-0.3007057995042731f,0.5806425430454515f,-1.2246467991473532e-16f,-0.3007057995042731f,-0.9537169507482268f,0.3171927229354571f,0f,0f,0f,1f],start_interpolation:0}
execute if entity @s[tag=aj.sandra.bone.bodywear] run data modify entity @s {} merge value {transformation:[-1f,-6.580022455450643e-17f,1.0328566345430089e-16f,5.1424777775139444e-17f,0f,0.8433914458128857f,0.5372996083468239f,-0.5763850966791011f,-1.2246467991473532e-16f,0.5372996083468239f,-0.8433914458128857f,-0.4199151772653419f,0f,0f,0f,1f],start_interpolation:0}
execute if entity @s[tag=aj.sandra.bone.torso] run data modify entity @s {} merge value {transformation:[-1f,-6.580022455450643e-17f,1.0328566345430089e-16f,-4.72755590566202e-17f,0f,0.8433914458128857f,0.5372996083468239f,0.6887020720402275f,-1.2246467991473532e-16f,0.5372996083468239f,-0.8433914458128857f,0.3860342352548939f,0f,0f,0f,1f],start_interpolation:0}
execute if entity @s[tag=aj.sandra.bone.right_arm] run data modify entity @s {} merge value {transformation:[-1f,3.682583948479539e-17f,1.16796641102639e-16f,-0.31250000000000006f,0f,0.9537169507482268f,-0.3007057995042731f,0.5806425430454515f,-1.2246467991473532e-16f,-0.3007057995042731f,-0.9537169507482268f,0.31719272293545697f,0f,0f,0f,1f],start_interpolation:0}
execute if entity @s[tag=aj.sandra.bone.headwear] run data modify entity @s {} merge value {transformation:[-1f,2.0212502222421287e-17f,1.2078515049676925e-16f,-4.695279135832551e-17f,0f,0.9862856015372314f,-0.16504760586067763f,0.6903811333163113f,-1.2246467991473532e-16f,-0.16504760586067763f,-0.9862856015372314f,0.3833986369867286f,0f,0f,0f,1f],start_interpolation:0}
execute if entity @s[tag=aj.sandra.bone.head] run data modify entity @s {} merge value {transformation:[-1f,2.0212502222421287e-17f,1.2078515049676925e-16f,-4.695279135832551e-17f,0f,0.9862856015372314f,-0.16504760586067763f,0.6903811333163113f,-1.2246467991473532e-16f,-0.16504760586067763f,-0.9862856015372314f,0.3833986369867286f,0f,0f,0f,1f],start_interpolation:0}