execute if entity @s[tag=aj.sandra.bone.right_leg] run data modify entity @s {} merge value {transformation:[-0.9227063849078359f,0.385503472423158f,-5.55111512312578e-17f,-0.11984375f,0f,2.220446049250313e-16f,1f,0.125f,0.385503472423158f,0.9227063849078359f,-2.220446049250313e-16f,-0.0010937500000000146f,0f,0f,0f,1f],start_interpolation:0}
execute if entity @s[tag=aj.sandra.bone.left_leg] run data modify entity @s {} merge value {transformation:[-0.9227063849078359f,-0.38550347242315824f,5.551115123125785e-17f,0.11984375f,0f,2.220446049250313e-16f,1f,0.125f,-0.38550347242315824f,0.9227063849078359f,-2.220446049250313e-16f,0.0010937500000000146f,0f,0f,0f,1f],start_interpolation:0}
execute if entity @s[tag=aj.sandra.bone.left_arm] run data modify entity @s {} merge value {transformation:[-1f,3.682583948479539e-17f,1.16796641102639e-16f,0.31249999999999994f,0f,0.9537169507482268f,-0.3007057995042731f,0.5774065483872647f,-1.2246467991473532e-16f,-0.3007057995042731f,-0.9537169507482268f,0.3179101256795182f,0f,0f,0f,1f],start_interpolation:0}
execute if entity @s[tag=aj.sandra.bone.bodywear] run data modify entity @s {} merge value {transformation:[-1f,-6.580022455450643e-17f,1.0328566345430089e-16f,5.118270200141842e-17f,0f,0.8433914458128857f,0.5372996083468239f,-0.577644392636164f,-1.2246467991473532e-16f,0.5372996083468239f,-0.8433914458128857f,-0.41793847856421795f,0f,0f,0f,1f],start_interpolation:0}
execute if entity @s[tag=aj.sandra.bone.torso] run data modify entity @s {} merge value {transformation:[-1f,-6.580022455450643e-17f,1.0328566345430089e-16f,-4.7517634830341226e-17f,0f,0.8433914458128857f,0.5372996083468239f,0.6874427760831646f,-1.2246467991473532e-16f,0.5372996083468239f,-0.8433914458128857f,0.3880109339560178f,0f,0f,0f,1f],start_interpolation:0}
execute if entity @s[tag=aj.sandra.bone.right_arm] run data modify entity @s {} merge value {transformation:[-1f,3.682583948479539e-17f,1.16796641102639e-16f,-0.31250000000000006f,0f,0.9537169507482268f,-0.3007057995042731f,0.5774065483872647f,-1.2246467991473532e-16f,-0.3007057995042731f,-0.9537169507482268f,0.3179101256795181f,0f,0f,0f,1f],start_interpolation:0}
execute if entity @s[tag=aj.sandra.bone.headwear] run data modify entity @s {} merge value {transformation:[-1f,1.942153798688128e-17f,1.2091485305305842e-16f,-4.695279135832551e-17f,0f,0.9873447032829714f,-0.15858889273546717f,0.6903811333163113f,-1.2246467991473532e-16f,-0.15858889273546717f,-0.9873447032829714f,0.3833986369867286f,0f,0f,0f,1f],start_interpolation:0}
execute if entity @s[tag=aj.sandra.bone.head] run data modify entity @s {} merge value {transformation:[-1f,1.942153798688128e-17f,1.2091485305305842e-16f,-4.695279135832551e-17f,0f,0.9873447032829714f,-0.15858889273546717f,0.6903811333163113f,-1.2246467991473532e-16f,-0.15858889273546717f,-0.9873447032829714f,0.3833986369867286f,0f,0f,0f,1f],start_interpolation:0}