execute if entity @s[tag=aj.sandra.bone.right_leg] run data modify entity @s {} merge value {transformation:[-0.9223696183664268f,0.38630853875441584f,-8.326672684688674e-17f,-0.12015624999999999f,-2.7755575615628914e-17f,0f,1.0000000000000002f,0.125f,0.38630853875441584f,0.9223696183664271f,-1.0197233050851682e-32f,-0.001406250000000015f,0f,0f,0f,1f],start_interpolation:0}
execute if entity @s[tag=aj.sandra.bone.left_leg] run data modify entity @s {} merge value {transformation:[-0.9223696183664268f,-0.38630853875441606f,8.326672684688674e-17f,0.12015624999999999f,2.7755575615628914e-17f,0f,1.0000000000000002f,0.125f,-0.38630853875441606f,0.9223696183664271f,1.0197233050851682e-32f,0.001406250000000015f,0f,0f,0f,1f],start_interpolation:0}
execute if entity @s[tag=aj.sandra.bone.left_arm] run data modify entity @s {} merge value {transformation:[-1f,3.682583948479539e-17f,1.16796641102639e-16f,0.31249999999999994f,0f,0.9537169507482268f,-0.3007057995042731f,0.5752492186151401f,-1.2246467991473532e-16f,-0.3007057995042731f,-0.9537169507482268f,0.3183883941755589f,0f,0f,0f,1f],start_interpolation:0}
execute if entity @s[tag=aj.sandra.bone.bodywear] run data modify entity @s {} merge value {transformation:[-1f,-6.580022455450643e-17f,1.0328566345430089e-16f,5.102131815227108e-17f,0f,0.8433914458128857f,0.5372996083468239f,-0.5784839232742058f,-1.2246467991473532e-16f,0.5372996083468239f,-0.8433914458128857f,-0.41662067943013537f,0f,0f,0f,1f],start_interpolation:0}
execute if entity @s[tag=aj.sandra.bone.torso] run data modify entity @s {} merge value {transformation:[-1f,-6.580022455450643e-17f,1.0328566345430089e-16f,-4.7679018679488565e-17f,0f,0.8433914458128857f,0.5372996083468239f,0.6866032454451227f,-1.2246467991473532e-16f,0.5372996083468239f,-0.8433914458128857f,0.3893287330901004f,0f,0f,0f,1f],start_interpolation:0}
execute if entity @s[tag=aj.sandra.bone.right_arm] run data modify entity @s {} merge value {transformation:[-1f,3.682583948479539e-17f,1.16796641102639e-16f,-0.31250000000000006f,0f,0.9537169507482268f,-0.3007057995042731f,0.5752492186151401f,-1.2246467991473532e-16f,-0.3007057995042731f,-0.9537169507482268f,0.3183883941755588f,0f,0f,0f,1f],start_interpolation:0}
execute if entity @s[tag=aj.sandra.bone.headwear] run data modify entity @s {} merge value {transformation:[-1f,1.8893764206847227e-17f,1.2099844420782707e-16f,-4.695279135832551e-17f,0f,0.9880272768611398f,-0.1542792927724288f,0.6903811333163113f,-1.2246467991473532e-16f,-0.1542792927724288f,-0.9880272768611398f,0.3833986369867286f,0f,0f,0f,1f],start_interpolation:0}
execute if entity @s[tag=aj.sandra.bone.head] run data modify entity @s {} merge value {transformation:[-1f,1.8893764206847227e-17f,1.2099844420782707e-16f,-4.695279135832551e-17f,0f,0.9880272768611398f,-0.1542792927724288f,0.6903811333163113f,-1.2246467991473532e-16f,-0.1542792927724288f,-0.9880272768611398f,0.3833986369867286f,0f,0f,0f,1f],start_interpolation:0}