execute if entity @s[tag=aj.sandra.bone.right_leg] run data modify entity @s {} merge value {transformation:[-0.9237124674225841f,0.3830865144168892f,-5.551115123125783e-17f,-0.11890624999999999f,0f,0f,1.0000000000000002f,0.125f,0.3830865144168892f,0.9237124674225843f,-6.798155367234455e-33f,-0.00015625000000001459f,0f,0f,0f,1f],start_interpolation:0}
execute if entity @s[tag=aj.sandra.bone.left_leg] run data modify entity @s {} merge value {transformation:[-0.9237124674225841f,-0.3830865144168894f,5.551115123125783e-17f,0.11890624999999999f,0f,0f,1.0000000000000002f,0.125f,-0.3830865144168894f,0.9237124674225843f,6.798155367234455e-33f,0.00015625000000001459f,0f,0f,0f,1f],start_interpolation:0}
execute if entity @s[tag=aj.sandra.bone.left_arm] run data modify entity @s {} merge value {transformation:[-1f,3.682583948479539e-17f,1.16796641102639e-16f,0.31249999999999994f,0f,0.9537169507482268f,-0.3007057995042731f,0.5838785377036384f,-1.2246467991473532e-16f,-0.3007057995042731f,-0.9537169507482268f,0.3164753201913961f,0f,0f,0f,1f],start_interpolation:0}
execute if entity @s[tag=aj.sandra.bone.bodywear] run data modify entity @s {} merge value {transformation:[-1f,-6.580022455450643e-17f,1.0328566345430089e-16f,5.166685354886046e-17f,0f,0.8433914458128857f,0.5372996083468239f,-0.5751258007220382f,-1.2246467991473532e-16f,0.5372996083468239f,-0.8433914458128857f,-0.4218918759664658f,0f,0f,0f,1f],start_interpolation:0}
execute if entity @s[tag=aj.sandra.bone.torso] run data modify entity @s {} merge value {transformation:[-1f,-6.580022455450643e-17f,1.0328566345430089e-16f,-4.7033483282899186e-17f,0f,0.8433914458128857f,0.5372996083468239f,0.6899613679972904f,-1.2246467991473532e-16f,0.5372996083468239f,-0.8433914458128857f,0.38405753655376995f,0f,0f,0f,1f],start_interpolation:0}
execute if entity @s[tag=aj.sandra.bone.right_arm] run data modify entity @s {} merge value {transformation:[-1f,3.682583948479539e-17f,1.16796641102639e-16f,-0.31250000000000006f,0f,0.9537169507482268f,-0.3007057995042731f,0.5838785377036384f,-1.2246467991473532e-16f,-0.3007057995042731f,-0.9537169507482268f,0.316475320191396f,0f,0f,0f,1f],start_interpolation:0}
execute if entity @s[tag=aj.sandra.bone.headwear] run data modify entity @s {} merge value {transformation:[-1f,2.10026006216385e-17f,1.2065027390663698e-16f,-4.695279135832551e-17f,0f,0.9851842505989352f,-0.171499248895774f,0.6903811333163113f,-1.2246467991473532e-16f,-0.171499248895774f,-0.9851842505989352f,0.3833986369867286f,0f,0f,0f,1f],start_interpolation:0}
execute if entity @s[tag=aj.sandra.bone.head] run data modify entity @s {} merge value {transformation:[-1f,2.10026006216385e-17f,1.2065027390663698e-16f,-4.695279135832551e-17f,0f,0.9851842505989352f,-0.171499248895774f,0.6903811333163113f,-1.2246467991473532e-16f,-0.171499248895774f,-0.9851842505989352f,0.3833986369867286f,0f,0f,0f,1f],start_interpolation:0}