execute if entity @s[tag=aj.sully.bone.jaw] run data modify entity @s {} merge value {transformation:[-0.9998963366753925f,-0.014108878217239345f,-0.002873231383173998f,-0.12496312138610627f,-0.01439846877727444f,0.9797858273848552f,0.1995304902831761f,2.121539027359033f,-1.2245198481886835e-16f,0.1995511764215533f,-0.9798874057710785f,0.12490329240868271f,0f,0f,0f,1f],start_interpolation:0}
execute if entity @s[tag=aj.sully.bone.h_head] run data modify entity @s {} merge value {transformation:[-0.9998963366753925f,-0.014396384095355147f,-0.00024500634512646173f,-2.296212748401287e-17f,-0.01439846877727444f,0.9997515667108582f,0.017014374982773143f,2.125f,-1.2245198481886835e-16f,0.017016138932306843f,-0.9998552150265739f,0.1875f,0f,0f,0f,1f],start_interpolation:0}
execute if entity @s[tag=aj.sully.bone.right_leg_down] run data modify entity @s {} merge value {transformation:[-1f,1.335855933315691e-18f,1.2245739387862214e-16f,-0.24999999999999997f,0f,0.9999405050001497f,-0.010908091494182372f,0.4986699545006429f,-1.2246467991473532e-16f,-0.010908091494182372f,-0.9999405050001497f,-0.11885676165954116f,0f,0f,0f,1f],start_interpolation:0}
execute if entity @s[tag=aj.sully.bone.right_leg] run data modify entity @s {} merge value {transformation:[-1f,1.335855933315691e-18f,1.2245739387862214e-16f,-0.25f,0f,0.9999405050001497f,-0.010908091494182372f,1.0625f,-1.2246467991473532e-16f,-0.010908091494182372f,-0.9999405050001497f,-2.7755575615628914e-17f,0f,0f,0f,1f],start_interpolation:0}
execute if entity @s[tag=aj.sully.bone.left_arm] run data modify entity @s {} merge value {transformation:[-0.9998476951563913f,-0.00024367364602941388f,0.017450705246676135f,0.6875f,1.3552527156068805e-20f,0.9999025240093042f,0.013962180339145269f,1.9375f,-0.017452406437283637f,0.013960053831452279f,-0.999750234011761f,0.06250000000000008f,0f,0f,0f,1f],start_interpolation:0}
execute if entity @s[tag=aj.sully.bone.right_arm] run data modify entity @s {} merge value {transformation:[-0.9993344627646342f,0.035744646591990135f,0.007276796749513105f,-0.8125f,0.03552631313931175f,0.998970848295714f,-0.028197966771896555f,1.9375f,-0.008277234178610725f,-0.02792068221507392f,-0.9995758715070093f,0.0624999999999999f,0f,0f,0f,1f],start_interpolation:0}