execute if entity @s[tag=aj.sully.bone.jaw] run data modify entity @s {} merge value {transformation:[-0.9999922893814706f,0.0038509387755735675f,0.0007690566636651872f,-0.1250062037300244f,0.003926980723805998f,0.9806284658106097f,0.19583766457023713f,2.123665678483762f,-1.2246373563630516e-16f,0.19583917461140568f,-0.9806360271209309f,0.12490785628729381f,0f,0f,0f,1f],start_interpolation:0}
execute if entity @s[tag=aj.sully.bone.h_head] run data modify entity @s {} merge value {transformation:[-0.9999922893814706f,0.0039265736399284965f,0.0000565425093408017f,-2.296212748401287e-17f,0.003926980723805998f,0.9998886268561714f,0.01439835775617429f,2.125f,-1.2246373563630516e-16f,0.01439846877727444f,-0.9998963366753925f,0.1875f,0f,0f,0f,1f],start_interpolation:0}
execute if entity @s[tag=aj.sully.bone.right_leg_down] run data modify entity @s {} merge value {transformation:[-1f,-3.0534423818744436e-19f,1.2246429925294467e-16f,-0.24999999999999997f,0f,0.999996891660592f,0.002493324919479126f,0.5003134140558518f,-1.2246467991473532e-16f,0.002493324919479126f,-0.999996891660592f,-0.12640210672478105f,0f,0f,0f,1f],start_interpolation:0}
execute if entity @s[tag=aj.sully.bone.right_leg] run data modify entity @s {} merge value {transformation:[-1f,-3.0534423818744436e-19f,1.2246429925294467e-16f,-0.25f,0f,0.999996891660592f,0.002493324919479126f,1.0625f,-1.2246467991473532e-16f,0.002493324919479126f,-0.999996891660592f,-2.7755575615628914e-17f,0f,0f,0f,1f],start_interpolation:0}
execute if entity @s[tag=aj.sully.bone.left_arm] run data modify entity @s {} merge value {transformation:[-0.9998476951563913f,0.00012183979216449682f,0.017451981134449592f,0.6875f,1.3552527156068805e-20f,0.9999756307053947f,-0.006981260297961551f,1.9375f,-0.017452406437283633f,-0.006980197018203677f,-0.9998233295733476f,0.06250000000000008f,0f,0f,0f,1f],start_interpolation:0}
execute if entity @s[tag=aj.sully.bone.right_arm] run data modify entity @s {} merge value {transformation:[-0.9996956007583196f,0.011318720123577585f,0.02192241773223482f,-0.8125f,0.01173472405603418f,0.9997517283626095f,0.018941433084740476f,1.9375f,-0.021702582237863234f,0.019192920849602026f,-0.9995802267519449f,0.0624999999999999f,0f,0f,0f,1f],start_interpolation:0}