execute if entity @s[tag=aj.sully.bone.jaw] run data modify entity @s {} merge value {transformation:[-0.9999025240093042f,-0.013663552902652254f,-0.0028722468381456884f,-0.12496195029707666f,-0.013962180339145269f,0.9785162992052419f,0.20569615871438832f,2.1214023890533036f,-1.2243919002157934e-16f,0.20571621110586802f,-0.9786116903492652f,0.12490865864290583f,0f,0f,0f,1f],start_interpolation:0}
execute if entity @s[tag=aj.sully.bone.h_head] run data modify entity @s {} merge value {transformation:[-0.9999025240093042f,-0.01396081936178444f,-0.0001949424798226923f,-2.296212748401287e-17f,-0.013962180339145269f,0.9998050575201772f,0.013960819361784439f,2.125f,-1.2243919002157934e-16f,0.013962180339145267f,-0.9999025240093042f,0.1875f,0f,0f,0f,1f],start_interpolation:0}
execute if entity @s[tag=aj.sully.bone.right_leg_down] run data modify entity @s {} merge value {transformation:[-1f,2.1373033680837913e-18f,1.2244602795081332e-16f,-0.24999999999999997f,0f,0.9998476951563913f,-0.01745240643728351f,0.4979041206698695f,-1.2246467991473532e-16f,-0.01745240643728351f,-0.9998476951563913f,-0.11516398327357698f,0f,0f,0f,1f],start_interpolation:0}
execute if entity @s[tag=aj.sully.bone.right_leg] run data modify entity @s {} merge value {transformation:[-1f,2.1373033680837913e-18f,1.2244602795081332e-16f,-0.25f,0f,0.9998476951563913f,-0.01745240643728351f,1.0625f,-1.2246467991473532e-16f,-0.01745240643728351f,-0.9998476951563913f,-2.7755575615628914e-17f,0f,0f,0f,1f],start_interpolation:0}
execute if entity @s[tag=aj.sully.bone.left_arm] run data modify entity @s {} merge value {transformation:[-0.9999025240093042f,-0.00019494247982281647f,0.013960819361784562f,0.6875f,-1.3552527156068805e-20f,0.9999025240093042f,0.013962180339145269f,1.9375f,-0.013962180339145392f,0.013960819361784439f,-0.9998050575201772f,0.06250000000000008f,0f,0f,0f,1f],start_interpolation:0}
execute if entity @s[tag=aj.sully.bone.right_arm] run data modify entity @s {} merge value {transformation:[-0.9992479510376235f,0.03872998246761908f,0.0018763808699341486f,-0.8125f,0.03862787776082815f,0.9984971087646514f,-0.03887686777926585f,1.9375f,-0.00337926128105746f,-0.038775149860315425f,-0.9992422470785072f,0.0624999999999999f,0f,0f,0f,1f],start_interpolation:0}