execute if entity @s[tag=aj.sully.bone.jaw] run data modify entity @s {} merge value {transformation:[-0.9999996192282494f,0.0008561555101749559f,0.0001689411097029583f,-0.12500152136447348f,0.000872664515235154f,0.9810816977523626f,0.1935922023016051f,2.123311186716517f,-1.2246463328364476e-16f,0.19359227601607493f,-0.9810820713207004f,0.12490706584834242f,0f,0f,0f,1f],start_interpolation:0}
execute if entity @s[tag=aj.sully.bone.h_head] run data modify entity @s {} merge value {transformation:[-0.9999996192282494f,0.0008725684863377046f,0.00001294576382192897f,-2.296212748401287e-17f,0.000872664515235154f,0.9998895782454824f,0.01483474882548297f,2.125f,-1.2246463328364476e-16f,0.014834754474138399f,-0.9998899589753325f,0.1875f,0f,0f,0f,1f],start_interpolation:0}
execute if entity @s[tag=aj.sully.bone.right_leg_down] run data modify entity @s {} merge value {transformation:[-1f,0f,1.2246467991473532e-16f,-0.24999999999999997f,0f,1f,0f,0.5f,-1.2246467991473532e-16f,0f,-1f,-0.12500000000000003f,0f,0f,0f,1f],start_interpolation:0}
execute if entity @s[tag=aj.sully.bone.right_leg] run data modify entity @s {} merge value {transformation:[-1f,0f,1.2246467991473532e-16f,-0.25f,0f,1f,0f,1.0625f,-1.2246467991473532e-16f,0f,-1f,-2.7755575615628914e-17f,0f,0f,0f,1f],start_interpolation:0}
execute if entity @s[tag=aj.sully.bone.left_arm] run data modify entity @s {} merge value {transformation:[-0.9998476951563913f,0.00006092026722936395f,0.017452300111251238f,0.6875f,0f,0.9999939076577904f,-0.0034906514152237356f,1.9375f,-0.017452406437283633f,-0.003490119772105847f,-0.9998416037420749f,0.06250000000000008f,0f,0f,0f,1f],start_interpolation:0}
execute if entity @s[tag=aj.sully.bone.right_arm] run data modify entity @s {} merge value {transformation:[-0.9996872530654671f,0.015481516425115801f,0.01963972269660285f,-0.8125f,0.015700345762445053f,0.9998158210753489f,0.011037348883015597f,1.9375f,-0.019465230575574005f,0.01134224742300227f,-0.9997461969030116f,0.0624999999999999f,0f,0f,0f,1f],start_interpolation:0}