execute if entity @s[tag=aj.sully.bone.jaw] run data modify entity @s {} merge value {transformation:[-0.999914327574007f,0.012818209361281873f,0.002651607246879847f,-0.12501425463173443f,0.013089595571344441f,0.9791831324604157f,0.2025563022786182f,2.124729223318085f,-1.2246774059566464e-16f,0.2025736572552775f,-0.9792670286424543f,0.12491029910349846f,0f,0f,0f,1f],start_interpolation:0}
execute if entity @s[tag=aj.sully.bone.h_head] run data modify entity @s {} merge value {transformation:[-0.999914327574007f,0.013088474153936575f,0.00017133751222148244f,-2.296212748401287e-17f,0.013089595571344441f,0.9998286624877787f,0.013088474153936576f,2.125f,-1.2246774059566464e-16f,0.013089595571344443f,-0.999914327574007f,0.1875f,0f,0f,0f,1f],start_interpolation:0}
execute if entity @s[tag=aj.sully.bone.right_leg_down] run data modify entity @s {} merge value {transformation:[-1f,-1.2213579705500122e-18f,1.224585893734137e-16f,-0.24999999999999997f,0f,0.999950266955943f,0.009973144676492596f,0.5012746179218436f,-1.2246467991473532e-16f,0.009973144676492596f,-0.999950266955943f,-0.13060367725002f,0f,0f,0f,1f],start_interpolation:0}
execute if entity @s[tag=aj.sully.bone.right_leg] run data modify entity @s {} merge value {transformation:[-1f,-1.2213579705500122e-18f,1.224585893734137e-16f,-0.25f,0f,0.999950266955943f,0.009973144676492596f,1.0625f,-1.2246467991473532e-16f,0.009973144676492596f,-0.999950266955943f,-2.7755575615628914e-17f,0f,0f,0f,1f],start_interpolation:0}
execute if entity @s[tag=aj.sully.bone.left_arm] run data modify entity @s {} merge value {transformation:[-0.9998476951563913f,0.0003045864904521371f,0.01744974835125061f,0.6875f,2.710505431213761e-20f,0.9998476951563913f,-0.01745240643728351f,1.9375f,-0.017452406437283633f,-0.017449748351250488f,-0.9996954135095478f,0.06250000000000008f,0f,0f,0f,1f],start_interpolation:0}
execute if entity @s[tag=aj.sully.bone.right_arm] run data modify entity @s {} merge value {transformation:[-0.9997108126652359f,0.0027026054381515813f,0.02389533352056947f,-0.8125f,0.0034584146248765745f,0.9994931736950262f,0.0316454594740938f,1.9375f,-0.023797697546107634f,0.031718947978924945f,-0.9992134796581831f,0.0624999999999999f,0f,0f,0f,1f],start_interpolation:0}