execute if entity @s[tag=aj.sully.bone.jaw] run data modify entity @s {} merge value {transformation:[-0.9999691576447897f,0.007681917880469115f,0.0016345937866728746f,-0.1250136968450881f,0.007853900888711332f,0.9780720511854567f,0.20811866550288963f,2.1237469757534146f,-1.2246090281557666e-16f,0.20812508457067613f,-0.9781022181615011f,0.12492114278116763f,0f,0f,0f,1f],start_interpolation:0}
execute if entity @s[tag=aj.sully.bone.h_head] run data modify entity @s {} merge value {transformation:[-0.9999691576447897f,0.007853658655910336f,0.00006168375916982314f,-2.296212748401287e-17f,0.007853900888711332f,0.9999383162408303f,0.007853658655910338f,2.125f,-1.2246090281557666e-16f,0.007853900888711334f,-0.9999691576447897f,0.1875f,0f,0f,0f,1f],start_interpolation:0}
execute if entity @s[tag=aj.sully.bone.right_leg_down] run data modify entity @s {} merge value {transformation:[-1f,-1.7811137706137404e-18f,1.2245172706154333e-16f,-0.24999999999999997f,0f,0.9998942319271075f,0.014543897651582654f,0.5018774817474498f,-1.2246467991473532e-16f,0.014543897651582654f,-0.9998942319271075f,-0.13316772141990368f,0f,0f,0f,1f],start_interpolation:0}
execute if entity @s[tag=aj.sully.bone.right_leg] run data modify entity @s {} merge value {transformation:[-1f,-1.7811137706137404e-18f,1.2245172706154333e-16f,-0.25f,0f,0.9998942319271075f,0.014543897651582654f,1.0625f,-1.2246467991473532e-16f,0.014543897651582654f,-0.9998942319271075f,-2.7755575615628914e-17f,0f,0f,0f,1f],start_interpolation:0}
execute if entity @s[tag=aj.sully.bone.left_arm] run data modify entity @s {} merge value {transformation:[-0.9999451693655121f,0.00010965826257725902f,0.010471209941678604f,0.6875f,0f,0.9999451693655121f,-0.010471784116245796f,1.9375f,-0.010471784116245919f,-0.01047120994167848f,-0.9998903417374227f,0.06250000000000008f,0f,0f,0f,1f],start_interpolation:0}
execute if entity @s[tag=aj.sully.bone.right_arm] run data modify entity @s {} merge value {transformation:[-0.9998958890875828f,0.0018033993613151486f,0.014316380006691143f,-0.8125f,0.0020754276299088537f,0.9998171560646261f,0.01900913041135958f,1.9375f,-0.014279481289787408f,0.01903686396407436f,-0.99971680701312f,0.0624999999999999f,0f,0f,0f,1f],start_interpolation:0}