execute if entity @s[tag=aj.sully.bone.jaw] run data modify entity @s {} merge value {transformation:[-0.9999756307053947f,-0.006823962409222141f,-0.0014736120199758747f,-0.1249809706596273f,-0.0069812602979615525f,0.9774447338776725f,0.21107594419890247f,2.121837957972542f,-1.2246169553687175e-16f,0.21108108809612386f,-0.9774685540968345f,0.12492311686695236f,0f,0f,0f,1f],start_interpolation:0}
execute if entity @s[tag=aj.sully.bone.h_head] run data modify entity @s {} merge value {transformation:[-0.9999756307053947f,-0.006981090169572637f,-0.000048737995347771765f,-2.296212748401287e-17f,-0.0069812602979615525f,0.9999512620046521f,0.006981090169572636f,2.125f,-1.2246169553687175e-16f,0.006981260297961552f,-0.9999756307053947f,0.1875f,0f,0f,0f,1f],start_interpolation:0}
execute if entity @s[tag=aj.sully.bone.right_leg_down] run data modify entity @s {} merge value {transformation:[-1f,1.0686923765729392e-18f,1.2246001683497691e-16f,-0.24999999999999997f,0f,0.9999619230641713f,-0.008726535498373935f,0.49893060133910694f,-1.2246467991473532e-16f,-0.008726535498373935f,-0.9999619230641713f,-0.12008656416518611f,0f,0f,0f,1f],start_interpolation:0}
execute if entity @s[tag=aj.sully.bone.right_leg] run data modify entity @s {} merge value {transformation:[-1f,1.0686923765729392e-18f,1.2246001683497691e-16f,-0.25f,0f,0.9999619230641713f,-0.008726535498373935f,1.0625f,-1.2246467991473532e-16f,-0.008726535498373935f,-0.9999619230641713f,-2.7755575615628914e-17f,0f,0f,0f,1f],start_interpolation:0}
execute if entity @s[tag=aj.sully.bone.left_arm] run data modify entity @s {} merge value {transformation:[-0.9999756307053947f,-0.00004873799534789508f,0.006981090169572758f,0.6875f,0f,0.9999756307053947f,0.0069812602979615525f,1.9375f,-0.006981260297961675f,0.006981090169572636f,-0.9999512620046521f,0.06250000000000008f,0f,0f,0f,1f],start_interpolation:0}
execute if entity @s[tag=aj.sully.bone.right_arm] run data modify entity @s {} merge value {transformation:[-0.9998119695490041f,0.019346779727302917f,0.0013144050838727608f,-0.8125f,0.01931762632130695f,0.9996247693208654f,-0.01942034689486756f,1.9375f,-0.0016896330523632952f,-0.019391304092037338f,-0.999810543285956f,0.0624999999999999f,0f,0f,0f,1f],start_interpolation:0}