execute if entity @s[tag=aj.sully.bone.jaw] run data modify entity @s {} merge value {transformation:[-0.9999451693655121f,0.010248615313052266f,0.002150382929231024f,-0.12501483315442213f,0.01047178411624579f,0.9786348974739996f,0.20533893732918057f,2.1242380943198143f,-1.2245796509863324e-16f,0.2053501968107639f,-0.9786885595886878f,0.12491550646877748f,0f,0f,0f,1f],start_interpolation:0}
execute if entity @s[tag=aj.sully.bone.h_head] run data modify entity @s {} merge value {transformation:[-0.9999451693655121f,0.010471209941678473f,0.00010965826257738009f,-2.296212748401287e-17f,0.01047178411624579f,0.9998903417374227f,0.010471209941678475f,2.125f,-1.2245796509863324e-16f,0.010471784116245792f,-0.9999451693655121f,0.1875f,0f,0f,0f,1f],start_interpolation:0}
execute if entity @s[tag=aj.sully.bone.right_leg_down] run data modify entity @s {} merge value {transformation:[-1f,-1.831998991838506e-18f,1.2245097633874741e-16f,-0.24999999999999997f,0f,0.9998881018102734f,0.014959407015263626f,0.5019328686086291f,-1.2246467991473532e-16f,0.014959407015263626f,-0.9998881018102734f,-0.13340067917237f,0f,0f,0f,1f],start_interpolation:0}
execute if entity @s[tag=aj.sully.bone.right_leg] run data modify entity @s {} merge value {transformation:[-1f,-1.831998991838506e-18f,1.2245097633874741e-16f,-0.25f,0f,0.9998881018102734f,0.014959407015263626f,1.0625f,-1.2246467991473532e-16f,0.014959407015263626f,-0.9998881018102734f,-2.7755575615628914e-17f,0f,0f,0f,1f],start_interpolation:0}
execute if entity @s[tag=aj.sully.bone.left_arm] run data modify entity @s {} merge value {transformation:[-0.9999025240093042f,0.00019494247982281636f,0.013960819361784558f,0.6875f,0f,0.9999025240093042f,-0.013962180339145265f,1.9375f,-0.013962180339145388f,-0.013960819361784435f,-0.9998050575201772f,0.06250000000000008f,0f,0f,0f,1f],start_interpolation:0}
execute if entity @s[tag=aj.sully.bone.right_arm] run data modify entity @s {} merge value {transformation:[-0.9998149166338703f,0.00228334880205777f,0.019102847815311838f,-0.8125f,0.0027670158372512317f,0.9996752865234942f,0.025331110072912527f,1.9375f,-0.01903880510334679f,0.025379279588234f,-0.9994965813187252f,0.0624999999999999f,0f,0f,0f,1f],start_interpolation:0}