execute if entity @s[tag=aj.sully.bone.jaw] run data modify entity @s {} merge value {transformation:[-0.9999991432636292f,0.0012783686034158713f,0.00028150616589657854f,-0.1250033543630442f,0.0013089965651739645f,0.9766011173765959f,0.21505474667343843f,2.122519269178836f,-1.224644691156715e-16f,0.21505493091881944f,-0.9766019540670098f,0.12493710994500608f,0f,0f,0f,1f],start_interpolation:0}
execute if entity @s[tag=aj.sully.bone.h_head] run data modify entity @s {} merge value {transformation:[-0.9999991432636292f,0.0013089954437089978f,0.0000017134720077597023f,-2.296212748401287e-17f,0.0013089965651739645f,0.9999982865279924f,0.001308995443708998f,2.125f,-1.224644691156715e-16f,0.0013089965651739647f,-0.9999991432636292f,0.1875f,0f,0f,0f,1f],start_interpolation:0}
execute if entity @s[tag=aj.sully.bone.right_leg_down] run data modify entity @s {} merge value {transformation:[-1f,0f,1.2246467991473532e-16f,-0.24999999999999997f,0f,1f,0f,0.5f,-1.2246467991473532e-16f,0f,-1f,-0.12500000000000003f,0f,0f,0f,1f],start_interpolation:0}
execute if entity @s[tag=aj.sully.bone.right_leg] run data modify entity @s {} merge value {transformation:[-1f,0f,1.2246467991473532e-16f,-0.25f,0f,1f,0f,1.0625f,-1.2246467991473532e-16f,0f,-1f,-2.7755575615628914e-17f,0f,0f,0f,1f],start_interpolation:0}
execute if entity @s[tag=aj.sully.bone.left_arm] run data modify entity @s {} merge value {transformation:[-0.9999984769132877f,0.00000304617110480948f,0.0017453257076119903f,0.6875f,0f,0.9999984769132877f,-0.0017453283658983103f,1.9375f,-0.0017453283658984328f,-0.0017453257076118678f,-0.9999969538288952f,0.06250000000000008f,0f,0f,0f,1f],start_interpolation:0}
execute if entity @s[tag=aj.sully.bone.right_arm] run data modify entity @s {} merge value {transformation:[-0.9999971079774679f,0.0003383858979145221f,0.002381077840913164f,-0.8125f,0.0003459391377082449f,0.9999949077812733f,0.0031724970663079975f,1.9375f,-0.0023799921876755787f,0.0031733115993901003f,-0.9999921328343937f,0.0624999999999999f,0f,0f,0f,1f],start_interpolation:0}