execute if entity @s[tag=aj.sully.bone.jaw] run data modify entity @s {} merge value {transformation:[-0.9999580202055561f,0.008964899547946568f,0.0018943079685839644f,-0.12501447934864637f,0.009162850352625722f,0.9783552997498725f,0.2067291697481338f,2.123992533311632f,-1.224663151362239e-16f,0.20673784856052013f,-0.97839637262848f,0.12491827100892917f,0f,0f,0f,1f],start_interpolation:0}
execute if entity @s[tag=aj.sully.bone.h_head] run data modify entity @s {} merge value {transformation:[-0.9999580202055561f,0.009162465698051396f,0.00008395782658473578f,-2.296212748401287e-17f,0.009162850352625722f,0.9999160421734153f,0.009162465698051398f,2.125f,-1.224663151362239e-16f,0.009162850352625724f,-0.9999580202055561f,0.1875f,0f,0f,0f,1f],start_interpolation:0}
execute if entity @s[tag=aj.sully.bone.right_leg_down] run data modify entity @s {} merge value {transformation:[-1f,-2.1373033680837913e-18f,1.2244602795081332e-16f,-0.24999999999999997f,0f,0.9998476951563913f,0.01745240643728351f,0.5022672222791903f,-1.2246467991473532e-16f,0.01745240643728351f,-0.9998476951563913f,-0.1347979405155209f,0f,0f,0f,1f],start_interpolation:0}
execute if entity @s[tag=aj.sully.bone.right_leg] run data modify entity @s {} merge value {transformation:[-1f,-2.1373033680837913e-18f,1.2244602795081332e-16f,-0.25f,0f,0.9998476951563913f,0.01745240643728351f,1.0625f,-1.2246467991473532e-16f,0.01745240643728351f,-0.9998476951563913f,-2.7755575615628914e-17f,0f,0f,0f,1f],start_interpolation:0}
execute if entity @s[tag=aj.sully.bone.left_arm] run data modify entity @s {} merge value {transformation:[-0.999925369660452f,0.0001492551094084316f,0.012216089076326705f,0.6875f,1.3552527156068805e-20f,0.999925369660452f,-0.012217000835247174f,1.9375f,-0.012217000835247297f,-0.012216089076326582f,-0.9998507448905916f,0.06250000000000008f,0f,0f,0f,1f],start_interpolation:0}
execute if entity @s[tag=aj.sully.bone.right_arm] run data modify entity @s {} merge value {transformation:[-0.9998582944402284f,0.0020509573221964123f,0.01670881842441429f,-0.8125f,0.00242124245191835f,0.9997512599515568f,0.022171057941914873f,1.9375f,-0.01665919037848316f,0.022208372280229073f,-0.9996145555045686f,0.0624999999999999f,0f,0f,0f,1f],start_interpolation:0}