execute if entity @s[tag=aj.sully.bone.jaw] run data modify entity @s {} merge value {transformation:[-0.9999862922474267f,-0.0051415003036259345f,-0.000990096900181214f,-0.12498915881280653f,-0.005235963831419583f,0.9819452522493729f,0.18909285091634606f,2.1226022547020884f,-1.2246300119920409e-16f,0.18909544298989125f,-0.9819587126964436f,0.12490552072102125f,0f,0f,0f,1f],start_interpolation:0}
execute if entity @s[tag=aj.sully.bone.h_head] run data modify entity @s {} merge value {transformation:[-0.9999862922474267f,-0.005235317883555587f,-0.00008224294533320129f,-2.296212748401287e-17f,-0.005235963831419583f,0.9998629264201788f,0.015707101999801378f,2.125f,-1.2246300119920409e-16f,0.015707317311820675f,-0.9998766324816606f,0.1875f,0f,0f,0f,1f],start_interpolation:0}
execute if entity @s[tag=aj.sully.bone.right_leg_down] run data modify entity @s {} merge value {transformation:[-1f,5.343512749254821e-19f,1.2246351413924705e-16f,-0.24999999999999997f,0f,0.9999904807207345f,-0.004363309284746575f,0.49945994093399354f,-1.2246467991473532e-16f,-0.004363309284746575f,-0.9999904807207345f,-0.12254444861742188f,0f,0f,0f,1f],start_interpolation:0}
execute if entity @s[tag=aj.sully.bone.right_leg] run data modify entity @s {} merge value {transformation:[-1f,5.343512749254821e-19f,1.2246351413924705e-16f,-0.25f,0f,0.9999904807207345f,-0.004363309284746575f,1.0625f,-1.2246467991473532e-16f,-0.004363309284746575f,-0.9999904807207345f,-2.7755575615628914e-17f,0f,0f,0f,1f],start_interpolation:0}
execute if entity @s[tag=aj.sully.bone.left_arm] run data modify entity @s {} merge value {transformation:[-0.9998476951563913f,-0.00006092026722936395f,0.017452300111251238f,0.6875f,0f,0.9999939076577904f,0.0034906514152237356f,1.9375f,-0.017452406437283633f,0.003490119772105847f,-0.9998416037420749f,0.06250000000000008f,0f,0f,0f,1f],start_interpolation:0}
execute if entity @s[tag=aj.sully.bone.right_arm] run data modify entity @s {} merge value {transformation:[-0.9996083450344578f,0.023699346228376852f,0.014882792944197249f,-0.8125f,0.023631526861123752f,0.9997096112364426f,-0.004716369333794413f,1.9375f,-0.014990246018138394f,-0.004362819023096161f,-0.9998781217400886f,0.0624999999999999f,0f,0f,0f,1f],start_interpolation:0}