execute if entity @s[tag=aj.sully.bone.jaw] run data modify entity @s {} merge value {transformation:[-0.9999976201773518f,-0.0021413492342020014f,-0.00041744830810633564f,-0.12499583970680775f,-0.0021816598343367697f,0.9815206314331526f,0.1913439061779413f,2.122956711191928f,-1.2246100033872745e-16f,0.1913443615435865f,-0.9815229672837398f,0.12490628732620218f,0f,0f,0f,1f],start_interpolation:0}
execute if entity @s[tag=aj.sully.bone.h_head] run data modify entity @s {} merge value {transformation:[-0.9999976201773518f,-0.002181405432969538f,-0.000033316208807774095f,-2.296212748401287e-17f,-0.0021816598343367697f,0.9998810113651991f,0.015271001004313974f,2.125f,-1.2246100033872745e-16f,0.015271037346674511f,-0.9998833909103383f,0.1875f,0f,0f,0f,1f],start_interpolation:0}
execute if entity @s[tag=aj.sully.bone.right_leg_down] run data modify entity @s {} merge value {transformation:[-1f,2.6717627329488723e-19f,1.2246438847051646e-16f,-0.24999999999999997f,0f,0.9999976201773518f,-0.002181659834336772f,0.49972863117094746f,-1.2246467991473532e-16f,-0.002181659834336772f,-0.9999976201773518f,-0.12377251886535458f,0f,0f,0f,1f],start_interpolation:0}
execute if entity @s[tag=aj.sully.bone.right_leg] run data modify entity @s {} merge value {transformation:[-1f,2.6717627329488723e-19f,1.2246438847051646e-16f,-0.25f,0f,0.9999976201773518f,-0.002181659834336772f,1.0625f,-1.2246467991473532e-16f,-0.002181659834336772f,-0.9999976201773518f,-2.7755575615628914e-17f,0f,0f,0f,1f],start_interpolation:0}
execute if entity @s[tag=aj.sully.bone.left_arm] run data modify entity @s {} merge value {transformation:[-0.9998476951563913f,0f,0.017452406437283633f,0.6875f,0f,1f,0f,1.9375f,-0.017452406437283633f,0f,-0.9998476951563913f,0.06250000000000008f,0f,0f,0f,1f],start_interpolation:0}
execute if entity @s[tag=aj.sully.bone.right_arm] run data modify entity @s {} merge value {transformation:[-0.9996581678194637f,0.019608662027705386f,0.017293001050022593f,-0.8125f,0.019665987356179103f,0.9998016399979252f,0.0031511265867749864f,1.9375f,-0.01722778143405184f,0.0034901333703028195f,-0.9998454993227294f,0.0624999999999999f,0f,0f,0f,1f],start_interpolation:0}