execute if entity @s[tag=aj.sully.bone.jaw] run data modify entity @s {} merge value {transformation:[-0.9999656355441514f,-0.008135031567983363f,-0.001596556347032136f,-0.12498147874595093f,-0.008290218982712969f,0.981246940402062f,0.19257651523695996f,2.1222478200389028f,-1.2244691895549332e-16f,0.19258313325153975f,-0.9812806615780317f,0.12490476603294563f,0f,0f,0f,1f],start_interpolation:0}
execute if entity @s[tag=aj.sully.bone.h_head] run data modify entity @s {} merge value {transformation:[-0.9999656355441514f,-0.00828913863197091f,-0.00013383393180316363f,-2.296212748401287e-17f,-0.008290218982712969f,0.9998353237129864f,0.016143039520682245f,2.125f,-1.2244691895549332e-16f,0.016143594286515343f,-0.9998696836905859f,0.1875f,0f,0f,0f,1f],start_interpolation:0}
execute if entity @s[tag=aj.sully.bone.right_leg_down] run data modify entity @s {} merge value {transformation:[-1f,8.015237332335438e-19f,1.224620569250886e-16f,-0.24999999999999997f,0f,0.9999785816641292f,-0.006544937967351858f,0.49919393056800826f,-1.2246467991473532e-16f,-0.006544937967351858f,-0.9999785816641292f,-0.12131579510138076f,0f,0f,0f,1f],start_interpolation:0}
execute if entity @s[tag=aj.sully.bone.right_leg] run data modify entity @s {} merge value {transformation:[-1f,8.015237332335438e-19f,1.224620569250886e-16f,-0.25f,0f,0.9999785816641292f,-0.006544937967351858f,1.0625f,-1.2246467991473532e-16f,-0.006544937967351858f,-0.9999785816641292f,-2.7755575615628914e-17f,0f,0f,0f,1f],start_interpolation:0}
execute if entity @s[tag=aj.sully.bone.left_arm] run data modify entity @s {} merge value {transformation:[-0.9998476951563913f,-0.00012183979216449682f,0.017451981134449592f,0.6875f,-1.3552527156068805e-20f,0.9999756307053947f,0.006981260297961551f,1.9375f,-0.017452406437283633f,0.006980197018203677f,-0.9998233295733476f,0.06250000000000008f,0f,0f,0f,1f],start_interpolation:0}
execute if entity @s[tag=aj.sully.bone.right_arm] run data modify entity @s {} merge value {transformation:[-0.9995377854697918f,0.027752766491829887f,0.0124096482703818f,-0.8125f,0.027596842303139572f,0.9995401708365488f,-0.012564281871181448f,1.9375f,-0.012752635533107336f,-0.012216007371183802f,-0.9998440575664121f,0.0624999999999999f,0f,0f,0f,1f],start_interpolation:0}