execute if entity @s[tag=aj.sully.bone.jaw] run data modify entity @s {} merge value {transformation:[-0.9999619230641713f,-0.00853243201378594f,-0.001830307551888814f,-0.12497621461940944f,-0.008726535498373933f,0.9777198667798348f,0.2097324716924342f,2.1217290464927245f,-1.2245324057139888e-16f,0.20974045796639287f,-0.9777570967740647f,0.12491921635190491f,0f,0f,0f,1f],start_interpolation:0}
execute if entity @s[tag=aj.sully.bone.h_head] run data modify entity @s {} merge value {transformation:[-0.9999619230641713f,-0.008726203218641758f,-0.00007615242180425796f,-2.296212748401287e-17f,-0.008726535498373933f,0.9999238475781956f,0.008726203218641756f,2.125f,-1.2245324057139888e-16f,0.008726535498373931f,-0.9999619230641713f,0.1875f,0f,0f,0f,1f],start_interpolation:0}
execute if entity @s[tag=aj.sully.bone.right_leg_down] run data modify entity @s {} merge value {transformation:[-1f,1.335855933315691e-18f,1.2245739387862214e-16f,-0.24999999999999997f,0f,0.9999405050001497f,-0.010908091494182372f,0.4986699545006429f,-1.2246467991473532e-16f,-0.010908091494182372f,-0.9999405050001497f,-0.11885676165954116f,0f,0f,0f,1f],start_interpolation:0}
execute if entity @s[tag=aj.sully.bone.right_leg] run data modify entity @s {} merge value {transformation:[-1f,1.335855933315691e-18f,1.2245739387862214e-16f,-0.25f,0f,0.9999405050001497f,-0.010908091494182372f,1.0625f,-1.2246467991473532e-16f,-0.010908091494182372f,-0.9999405050001497f,-2.7755575615628914e-17f,0f,0f,0f,1f],start_interpolation:0}
execute if entity @s[tag=aj.sully.bone.left_arm] run data modify entity @s {} merge value {transformation:[-0.9999619230641713f,-0.00007615242180438149f,0.008726203218641879f,0.6875f,-6.776263578034403e-21f,0.9999619230641713f,0.008726535498373933f,1.9375f,-0.008726535498374056f,0.008726203218641756f,-0.9999238475781956f,0.06250000000000008f,0f,0f,0f,1f],start_interpolation:0}
execute if entity @s[tag=aj.sully.bone.right_arm] run data modify entity @s {} merge value {transformation:[-0.9997062077555701f,0.02419030590126085f,0.0015255410123302304f,-0.8125f,0.024146168616293047f,0.9994134960285608f,-0.02428222595075402f,1.9375f,-0.0021120407501801796f,-0.0242382560505774f,-0.9997039792996206f,0.0624999999999999f,0f,0f,0f,1f],start_interpolation:0}