execute if entity @s[tag=aj.sully.bone.jaw] run data modify entity @s {} merge value {transformation:[-0.9999356502602301f,-0.011124204583725624f,-0.0022242776423529956f,-0.12497279957742327f,-0.011344396795372313f,0.9805271223052656f,0.1960557754443973f,2.1218934099940636f,-1.224567993444518e-16f,0.19606839239442497f,-0.9805902230309386f,0.12490402326211898f,0f,0f,0f,1f],start_interpolation:0}
execute if entity @s[tag=aj.sully.bone.h_head] run data modify entity @s {} merge value {transformation:[-0.9999356502602301f,-0.011342837446074656f,-0.00018808860353608872f,-2.296212748401287e-17f,-0.011344396795372313f,0.9997982036438906f,0.016578801277494233f,2.125f,-1.224567993444518e-16f,0.01657986818769753f,-0.9998625445384374f,0.1875f,0f,0f,0f,1f],start_interpolation:0}
execute if entity @s[tag=aj.sully.bone.right_leg_down] run data modify entity @s {} merge value {transformation:[-1f,1.0686923765729393e-18f,1.2246001683497691e-16f,-0.24999999999999997f,0f,0.9999619230641713f,-0.008726535498373936f,0.49893060133910694f,-1.2246467991473532e-16f,-0.008726535498373936f,-0.9999619230641713f,-0.12008656416518611f,0f,0f,0f,1f],start_interpolation:0}
execute if entity @s[tag=aj.sully.bone.right_leg] run data modify entity @s {} merge value {transformation:[-1f,1.0686923765729393e-18f,1.2246001683497691e-16f,-0.25f,0f,0.9999619230641713f,-0.008726535498373936f,1.0625f,-1.2246467991473532e-16f,-0.008726535498373936f,-0.9999619230641713f,-2.7755575615628914e-17f,0f,0f,0f,1f],start_interpolation:0}
execute if entity @s[tag=aj.sully.bone.left_arm] run data modify entity @s {} merge value {transformation:[-0.9998476951563913f,-0.00018275783252021265f,0.017451449510765337f,0.6875f,0f,0.9999451693655121f,0.010471784116245797f,1.9375f,-0.017452406437283633f,0.010470189212803667f,-0.9997928728728745f,0.06250000000000008f,0f,0f,0f,1f],start_interpolation:0}
execute if entity @s[tag=aj.sully.bone.right_arm] run data modify entity @s {} merge value {transformation:[-0.9994464906299758f,0.03176812856535877f,0.00987412653759948f,-0.8125f,0.031561811714663525f,0.9992937646659723f,-0.020391761596203258f,1.9375f,-0.010514961184608297f,-0.020068829242461984f,-0.99974330589613f,0.0624999999999999f,0f,0f,0f,1f],start_interpolation:0}