execute if entity @s[tag=aj.sully.bone.jaw] run data modify entity @s {} merge value {transformation:[-0.9999984769132877f,-0.0017044735435895312f,-0.00037542115552084666f,-0.12499524198651106f,-0.0017453283658983088f,0.9765904117711507f,0.2151002591015395f,2.1221647787443265f,-1.224642816321718e-16f,0.21510058671838492f,-0.9765918992052958f,0.12493596208189525f,0f,0f,0f,1f],start_interpolation:0}
execute if entity @s[tag=aj.sully.bone.h_head] run data modify entity @s {} merge value {transformation:[-0.9999984769132877f,-0.0017453257076118665f,-0.0000030461711046867967f,-2.296212748401287e-17f,-0.0017453283658983088f,0.9999969538288952f,0.0017453257076118663f,2.125f,-1.224642816321718e-16f,0.0017453283658983086f,-0.9999984769132877f,0.1875f,0f,0f,0f,1f],start_interpolation:0}
execute if entity @s[tag=aj.sully.bone.right_leg_down] run data modify entity @s {} merge value {transformation:[-1f,2.67176273294887e-19f,1.2246438847051646e-16f,-0.24999999999999997f,0f,0.9999976201773518f,-0.0021816598343367697f,0.49972863117094746f,-1.2246467991473532e-16f,-0.0021816598343367697f,-0.9999976201773518f,-0.12377251886535458f,0f,0f,0f,1f],start_interpolation:0}
execute if entity @s[tag=aj.sully.bone.right_leg] run data modify entity @s {} merge value {transformation:[-1f,2.67176273294887e-19f,1.2246438847051646e-16f,-0.25f,0f,0.9999976201773518f,-0.0021816598343367697f,1.0625f,-1.2246467991473532e-16f,-0.0021816598343367697f,-0.9999976201773518f,-2.7755575615628914e-17f,0f,0f,0f,1f],start_interpolation:0}
execute if entity @s[tag=aj.sully.bone.left_arm] run data modify entity @s {} merge value {transformation:[-0.9999984769132877f,-0.000003046171104809475f,0.0017453257076119888f,0.6875f,-2.117582368135751e-22f,0.9999984769132877f,0.0017453283658983088f,1.9375f,-0.0017453283658984313f,0.0017453257076118663f,-0.9999969538288952f,0.06250000000000008f,0f,0f,0f,1f],start_interpolation:0}
execute if entity @s[tag=aj.sully.bone.right_arm] run data modify entity @s {} merge value {transformation:[-0.9999882477411223f,0.004831686217358302f,0.0003989836298327396f,-0.8125f,0.004829694683929088f,0.9999765750086869f,-0.004850101355242362f,1.9375f,-0.0004224084515155921f,-0.0048481173864796745f,-0.9999881585943441f,0.0624999999999999f,0f,0f,0f,1f],start_interpolation:0}