execute if entity @s[tag=aj.sully.bone.jaw] run data modify entity @s {} merge value {transformation:[-0.9999965730559848f,0.0025575308412336814f,0.0005593856297244339f,-0.125006280130979f,0.0026179908874179956f,0.9769025893138475f,0.21366908320019887f,2.1227647968587156f,-1.2246426023513342e-16f,0.21366981543469413f,-0.9769059371158023f,0.12493370208981892f,0f,0f,0f,1f],start_interpolation:0}
execute if entity @s[tag=aj.sully.bone.h_head] run data modify entity @s {} merge value {transformation:[-0.9999965730559848f,0.0026179819157097915f,0.00000685387628672613f,-2.296212748401287e-17f,0.0026179908874179956f,0.9999931461237134f,0.002617981915709792f,2.125f,-1.2246426023513342e-16f,0.002617990887417996f,-0.9999965730559848f,0.1875f,0f,0f,0f,1f],start_interpolation:0}
execute if entity @s[tag=aj.sully.bone.right_leg_down] run data modify entity @s {} merge value {transformation:[-1f,-3.562348112659049e-19f,1.224641617918394e-16f,-0.24999999999999997f,0f,0.9999957692054863f,0.0029088779843619355f,0.5003659895699591f,-1.2246467991473532e-16f,0.0029088779843619355f,-0.9999957692054863f,-0.12663571501688942f,0f,0f,0f,1f],start_interpolation:0}
execute if entity @s[tag=aj.sully.bone.right_leg] run data modify entity @s {} merge value {transformation:[-1f,-3.562348112659049e-19f,1.224641617918394e-16f,-0.25f,0f,0.9999957692054863f,0.0029088779843619355f,1.0625f,-1.2246467991473532e-16f,0.0029088779843619355f,-0.9999957692054863f,-2.7755575615628914e-17f,0f,0f,0f,1f],start_interpolation:0}
execute if entity @s[tag=aj.sully.bone.left_arm] run data modify entity @s {} merge value {transformation:[-0.9999939076577904f,0.000012184647302603893f,0.0034906301489809016f,0.6875f,8.470329472543003e-22f,0.9999939076577904f,-0.003490651415223735f,1.9375f,-0.0034906514152238575f,-0.0034906301489807793f,-0.9999878153526974f,0.06250000000000008f,0f,0f,0f,1f],start_interpolation:0}
execute if entity @s[tag=aj.sully.bone.right_arm] run data modify entity @s {} merge value {transformation:[-0.999988431927955f,0.0006616565912072498f,0.004764264982668346f,-0.8125f,0.0006918723554284881f,0.9999796416300731f,0.006343314436030168f,1.9375f,-0.004759970894192699f,0.006346537319347211f,-0.9999685315754394f,0.0624999999999999f,0f,0f,0f,1f],start_interpolation:0}