execute if entity @s[tag=aj.sully.bone.jaw] run data modify entity @s {} merge value {transformation:[-0.9998766324816606f,-0.015375781000908008f,-0.0032101675573617486f,-0.12495719690679925f,-0.015707317311820672f,0.9787721113517979f,0.2043488052884322f,2.121293526684026f,-1.2244957175109002e-16f,0.2043740184038957f,-0.9788928749364989f,0.12490552072102125f,0f,0f,0f,1f],start_interpolation:0}
execute if entity @s[tag=aj.sully.bone.h_head] run data modify entity @s {} merge value {transformation:[-0.9998766324816606f,-0.01570537953906415f,-0.000246719817134099f,-2.296212748401287e-17f,-0.015707317311820672f,0.9997532801828658f,0.015705379539064146f,2.125f,-1.2244957175109002e-16f,0.01570731731182067f,-0.9998766324816606f,0.1875f,0f,0f,0f,1f],start_interpolation:0}
execute if entity @s[tag=aj.sully.bone.right_leg_down] run data modify entity @s {} merge value {transformation:[-1f,1.870162700626463e-18f,1.2245039941989474e-16f,-0.24999999999999997f,0f,0.9998833909103383f,-0.015271037346674513f,0.49815671294460045f,-1.2246467991473532e-16f,-0.015271037346674513f,-0.9998833909103383f,-0.11639546535628789f,0f,0f,0f,1f],start_interpolation:0}
execute if entity @s[tag=aj.sully.bone.right_leg] run data modify entity @s {} merge value {transformation:[-1f,1.870162700626463e-18f,1.2245039941989474e-16f,-0.25f,0f,0.9998833909103383f,-0.015271037346674513f,1.0625f,-1.2246467991473532e-16f,-0.015271037346674513f,-0.9998833909103383f,-2.7755575615628914e-17f,0f,0f,0f,1f],start_interpolation:0}
execute if entity @s[tag=aj.sully.bone.left_arm] run data modify entity @s {} merge value {transformation:[-0.9998766324816606f,-0.00024671981713422336f,0.015705379539064267f,0.6875f,0f,0.9998766324816606f,0.015707317311820672f,1.9375f,-0.015707317311820793f,0.015705379539064146f,-0.9997532801828658f,0.06250000000000008f,0f,0f,0f,1f],start_interpolation:0}
execute if entity @s[tag=aj.sully.bone.right_arm] run data modify entity @s {} merge value {transformation:[-0.9990482206809135f,0.04357804972151904f,0.0018990357472974684f,-0.8125f,0.043453424285956666f,0.9980973550344335f,-0.04374322565943943f,1.9375f,-0.003801667019260121f,-0.04361907215584513f,-0.9990410020975805f,0.0624999999999999f,0f,0f,0f,1f],start_interpolation:0}