execute if entity @s[tag=aj.sully.bone.jaw] run data modify entity @s {} merge value {transformation:[-0.9999939076577904f,-0.0034099683405114305f,-0.0007461656781929644f,-0.1249904843907f,-0.003490651415223732f,0.9768800032411116f,0.21375985268600714f,2.1220558234319684f,-1.2246393381799668e-16f,0.21376115499211445f,-0.9768859547646477f,0.12493148974470016f,0f,0f,0f,1f],start_interpolation:0}
execute if entity @s[tag=aj.sully.bone.h_head] run data modify entity @s {} merge value {transformation:[-0.9999939076577904f,-0.0034906301489807767f,-0.00001218464730248098f,-2.296212748401287e-17f,-0.003490651415223732f,0.9999878153526974f,0.0034906301489807763f,2.125f,-1.2246393381799668e-16f,0.0034906514152237317f,-0.9999939076577904f,0.1875f,0f,0f,0f,1f],start_interpolation:0}
execute if entity @s[tag=aj.sully.bone.right_leg_down] run data modify entity @s {} merge value {transformation:[-1f,5.343512749254816e-19f,1.2246351413924705e-16f,-0.24999999999999997f,0f,0.9999904807207345f,-0.004363309284746571f,0.49945994093399354f,-1.2246467991473532e-16f,-0.004363309284746571f,-0.9999904807207345f,-0.12254444861742188f,0f,0f,0f,1f],start_interpolation:0}
execute if entity @s[tag=aj.sully.bone.right_leg] run data modify entity @s {} merge value {transformation:[-1f,5.343512749254816e-19f,1.2246351413924705e-16f,-0.25f,0f,0.9999904807207345f,-0.004363309284746571f,1.0625f,-1.2246467991473532e-16f,-0.004363309284746571f,-0.9999904807207345f,-2.7755575615628914e-17f,0f,0f,0f,1f],start_interpolation:0}
execute if entity @s[tag=aj.sully.bone.left_arm] run data modify entity @s {} merge value {transformation:[-0.9999939076577904f,-0.000012184647302603871f,0.0034906301489808986f,0.6875f,0f,0.9999939076577904f,0.003490651415223732f,1.9375f,-0.0034906514152238544f,0.0034906301489807763f,-0.9999878153526974f,0.06250000000000008f,0f,0f,0f,1f],start_interpolation:0}
execute if entity @s[tag=aj.sully.bone.right_arm] run data modify entity @s {} merge value {transformation:[-0.9999529912490442f,0.009667014568244798f,0.000751080172895791f,-0.8125f,0.009659274124719456f,0.9999062626670001f,-0.009703829280015326f,1.9375f,-0.0008448168276611832f,-0.009696118225841741f,-0.9999526346662017f,0.0624999999999999f,0f,0f,0f,1f],start_interpolation:0}