execute if entity @s[tag=aj.sully.bone.jaw] run data modify entity @s {} merge value {transformation:[-0.9999922893814706f,0.0038374768050070873f,0.000833636237322052f,-0.12500877728210003f,0.003926980723805998f,0.9772004207772461f,0.2122826334280977f,2.123010332197916f,-1.2246373563630516e-16f,0.21228427027112554f,-0.977207955655016f,0.12493040144027778f,0f,0f,0f,1f],start_interpolation:0}
execute if entity @s[tag=aj.sully.bone.h_head] run data modify entity @s {} merge value {transformation:[-0.9999922893814706f,0.003926950444355663f,0.000015421177605266343f,-2.296212748401287e-17f,0.003926980723805998f,0.9999845788223949f,0.003926950444355664f,2.125f,-1.2246373563630516e-16f,0.003926980723805999f,-0.9999922893814706f,0.1875f,0f,0f,0f,1f],start_interpolation:0}
execute if entity @s[tag=aj.sully.bone.right_leg_down] run data modify entity @s {} merge value {transformation:[-1f,-7.124666082192381e-19f,1.2246260742753582e-16f,-0.24999999999999997f,0f,0.9999830768577442f,0.005817731354993825f,0.5007367356868931f,-1.2246467991473532e-16f,0.005817731354993825f,-0.9999830768577442f,-0.12827035849440208f,0f,0f,0f,1f],start_interpolation:0}
execute if entity @s[tag=aj.sully.bone.right_leg] run data modify entity @s {} merge value {transformation:[-1f,-7.124666082192381e-19f,1.2246260742753582e-16f,-0.25f,0f,0.9999830768577442f,0.005817731354993825f,1.0625f,-1.2246467991473532e-16f,0.005817731354993825f,-0.9999830768577442f,-2.7755575615628914e-17f,0f,0f,0f,1f],start_interpolation:0}
execute if entity @s[tag=aj.sully.bone.left_arm] run data modify entity @s {} merge value {transformation:[-0.9999862922474267f,0.000027415317243934618f,0.005235892058123017f,0.6875f,0f,0.9999862922474267f,-0.005235963831419577f,1.9375f,-0.005235963831419699f,-0.005235892058122894f,-0.9999725846827561f,0.06250000000000008f,0f,0f,0f,1f],start_interpolation:0}
execute if entity @s[tag=aj.sully.bone.right_arm] run data modify entity @s {} merge value {transformation:[-0.9999739719057111f,0.000969802317114349f,0.007149475126313934f,-0.8125f,0.001037793733230574f,0.9999542173846104f,0.009512419192740929f,1.9375f,-0.007139922638469506f,0.009519591283079241f,-0.999929196936723f,0.0624999999999999f,0f,0f,0f,1f],start_interpolation:0}