execute if entity @s[tag=aj.sully.bone.jaw] run data modify entity @s {} merge value {transformation:[-0.999925369660452f,-0.011952242122798785f,-0.002529627966010901f,-0.12496670440107234f,-0.012217000835247169f,0.9782556524372193f,0.20704256413892702f,2.1215112626998955f,-1.2245554033409064e-16f,0.20705801694903808f,-0.9783286654377106f,0.12491198722887106f,0f,0f,0f,1f],start_interpolation:0}
execute if entity @s[tag=aj.sully.bone.h_head] run data modify entity @s {} merge value {transformation:[-0.999925369660452f,-0.012216089076326578f,-0.00014925510940830752f,-2.296212748401287e-17f,-0.012217000835247169f,0.9998507448905916f,0.012216089076326576f,2.125f,-1.2245554033409064e-16f,0.012217000835247167f,-0.999925369660452f,0.1875f,0f,0f,0f,1f],start_interpolation:0}
execute if entity @s[tag=aj.sully.bone.right_leg_down] run data modify entity @s {} merge value {transformation:[-1f,1.870162700626463e-18f,1.2245039941989474e-16f,-0.24999999999999997f,0f,0.9998833909103383f,-0.015271037346674511f,0.49815671294460045f,-1.2246467991473532e-16f,-0.015271037346674511f,-0.9998833909103383f,-0.11639546535628789f,0f,0f,0f,1f],start_interpolation:0}
execute if entity @s[tag=aj.sully.bone.right_leg] run data modify entity @s {} merge value {transformation:[-1f,1.870162700626463e-18f,1.2245039941989474e-16f,-0.25f,0f,0.9998833909103383f,-0.015271037346674511f,1.0625f,-1.2246467991473532e-16f,-0.015271037346674511f,-0.9998833909103383f,-2.7755575615628914e-17f,0f,0f,0f,1f],start_interpolation:0}
execute if entity @s[tag=aj.sully.bone.left_arm] run data modify entity @s {} merge value {transformation:[-0.999925369660452f,-0.00014925510940843147f,0.0122160890763267f,0.6875f,0f,0.999925369660452f,0.012217000835247169f,1.9375f,-0.012217000835247292f,0.012216089076326576f,-0.9998507448905916f,0.06250000000000008f,0f,0f,0f,1f],start_interpolation:0}
execute if entity @s[tag=aj.sully.bone.right_arm] run data modify entity @s {} merge value {transformation:[-0.9994241950857339f,0.033882364313892264f,0.0018065618543470483f,-0.8125f,0.03380140952826241f,0.9988496986236401f,-0.034010943435399364f,1.9375f,-0.002956854939896898f,-0.033930295429953516f,-0.9994198277305191f,0.0624999999999999f,0f,0f,0f,1f],start_interpolation:0}