execute if entity @s[tag=aj.sully.bone.jaw] run data modify entity @s {} merge value {transformation:[-0.9998476951563913f,-0.017088911532336538f,-0.0035433872342873363f,-0.12495244425858246f,-0.01745240643728351f,0.9790230859990008f,0.2030005186952511f,2.1211846749250207f,-1.2241892289650118e-16f,0.20303144136717616f,-0.9791722186706315f,0.12490257347277597f,0f,0f,0f,1f],start_interpolation:0}
execute if entity @s[tag=aj.sully.bone.h_head] run data modify entity @s {} merge value {transformation:[-0.9998476951563913f,-0.01744974835125049f,-0.0003045864904520125f,-2.296212748401287e-17f,-0.01745240643728351f,0.9996954135095478f,0.017449748351250488f,2.125f,-1.2241892289650118e-16f,0.017452406437283508f,-0.9998476951563913f,0.1875f,0f,0f,0f,1f],start_interpolation:0}
execute if entity @s[tag=aj.sully.bone.right_leg_down] run data modify entity @s {} merge value {transformation:[-1f,1.6030131318580337e-18f,1.2245418806850857e-16f,-0.24999999999999997f,0f,0.999914327574007f,-0.01308959557134444f,0.49841199129320296f,-1.2246467991473532e-16f,-0.01308959557134444f,-0.999914327574007f,-0.11762639343786965f,0f,0f,0f,1f],start_interpolation:0}
execute if entity @s[tag=aj.sully.bone.right_leg] run data modify entity @s {} merge value {transformation:[-1f,1.6030131318580337e-18f,1.2245418806850857e-16f,-0.25f,0f,0.999914327574007f,-0.01308959557134444f,1.0625f,-1.2246467991473532e-16f,-0.01308959557134444f,-0.999914327574007f,-2.7755575615628914e-17f,0f,0f,0f,1f],start_interpolation:0}
execute if entity @s[tag=aj.sully.bone.left_arm] run data modify entity @s {} merge value {transformation:[-0.9998476951563913f,-0.0003045864904521371f,0.01744974835125061f,0.6875f,-2.710505431213761e-20f,0.9998476951563913f,0.01745240643728351f,1.9375f,-0.017452406437283633f,0.017449748351250488f,-0.9996954135095478f,0.06250000000000008f,0f,0f,0f,1f],start_interpolation:0}
execute if entity @s[tag=aj.sully.bone.right_arm] run data modify entity @s {} merge value {transformation:[-0.9992017048684219f,0.03968154322181778f,0.004618237279977265f,-0.8125f,0.039490224636482246f,0.9985718868799158f,-0.0359820634656325f,1.9375f,-0.006039465721347754f,-0.035770963931932874f,-0.9993417648598406f,0.0624999999999999f,0f,0f,0f,1f],start_interpolation:0}