execute if entity @s[tag=aj.sully.bone.jaw] run data modify entity @s {} merge value {transformation:[-0.9999451693655121f,-0.010241863537519793f,-0.0021823138766181587f,-0.12497145918695596f,-0.010471784116245792f,0.9779901739719256f,0.20838800673691735f,2.121620148290753f,-1.2245796509863324e-16f,0.20839943341007813f,-0.9780438007340768f,0.12491550646877748f,0f,0f,0f,1f],start_interpolation:0}
execute if entity @s[tag=aj.sully.bone.h_head] run data modify entity @s {} merge value {transformation:[-0.9999451693655121f,-0.010471209941678479f,-0.0001096582625771352f,-2.296212748401287e-17f,-0.010471784116245792f,0.9998903417374227f,0.010471209941678477f,2.125f,-1.2245796509863324e-16f,0.01047178411624579f,-0.9999451693655121f,0.1875f,0f,0f,0f,1f],start_interpolation:0}
execute if entity @s[tag=aj.sully.bone.right_leg_down] run data modify entity @s {} merge value {transformation:[-1f,1.6030131318580335e-18f,1.2245418806850857e-16f,-0.24999999999999997f,0f,0.999914327574007f,-0.013089595571344438f,0.49841199129320296f,-1.2246467991473532e-16f,-0.013089595571344438f,-0.999914327574007f,-0.11762639343786965f,0f,0f,0f,1f],start_interpolation:0}
execute if entity @s[tag=aj.sully.bone.right_leg] run data modify entity @s {} merge value {transformation:[-1f,1.6030131318580335e-18f,1.2245418806850857e-16f,-0.25f,0f,0.999914327574007f,-0.013089595571344438f,1.0625f,-1.2246467991473532e-16f,-0.013089595571344438f,-0.999914327574007f,-2.7755575615628914e-17f,0f,0f,0f,1f],start_interpolation:0}
execute if entity @s[tag=aj.sully.bone.left_arm] run data modify entity @s {} merge value {transformation:[-0.9999451693655121f,-0.00010965826257725895f,0.0104712099416786f,0.6875f,0f,0.9999451693655121f,0.010471784116245792f,1.9375f,-0.010471784116245915f,0.010471209941678477f,-0.9998903417374227f,0.06250000000000008f,0f,0f,0f,1f],start_interpolation:0}
execute if entity @s[tag=aj.sully.bone.right_arm] run data modify entity @s {} merge value {transformation:[-0.9995769485579074f,0.029035653025828067f,0.0016896049912271131f,-0.8125f,0.028974134752177028f,0.9991551508262912f,-0.02914591039329395f,1.9375f,-0.0025344480711479394f,-0.029084625331177196f,-0.9995737397222476f,0.0624999999999999f,0f,0f,0f,1f],start_interpolation:0}