execute if entity @s[tag=aj.sully.bone.jaw] run data modify entity @s {} merge value {transformation:[-0.9999862922474267f,0.005118196580451714f,0.0011042558615585365f,-0.12501084579653962f,0.005235963831419579f,0.97749460963938f,0.21089540727268663f,2.1232558743546597f,-1.2246300119920409e-16f,0.21089829821437667f,-0.9775080090773066f,0.12492720800203821f,0f,0f,0f,1f],start_interpolation:0}
execute if entity @s[tag=aj.sully.bone.h_head] run data modify entity @s {} merge value {transformation:[-0.9999862922474267f,0.005235892058122895f,0.00002741531724405646f,-2.296212748401287e-17f,0.005235963831419579f,0.9999725846827561f,0.005235892058122896f,2.125f,-1.2246300119920409e-16f,0.00523596383141958f,-0.9999862922474267f,0.1875f,0f,0f,0f,1f],start_interpolation:0}
execute if entity @s[tag=aj.sully.bone.right_leg_down] run data modify entity @s {} merge value {transformation:[-1f,-1.0686923765729386e-18f,1.2246001683497691e-16f,-0.24999999999999997f,0f,0.9999619230641713f,0.00872653549837393f,0.5011122352137004f,-1.2246467991473532e-16f,0.00872653549837393f,-0.9999619230641713f,-0.1299039166008568f,0f,0f,0f,1f],start_interpolation:0}
execute if entity @s[tag=aj.sully.bone.right_leg] run data modify entity @s {} merge value {transformation:[-1f,-1.0686923765729386e-18f,1.2246001683497691e-16f,-0.25f,0f,0.9999619230641713f,0.00872653549837393f,1.0625f,-1.2246467991473532e-16f,0.00872653549837393f,-0.9999619230641713f,-2.7755575615628914e-17f,0f,0f,0f,1f],start_interpolation:0}
execute if entity @s[tag=aj.sully.bone.left_arm] run data modify entity @s {} merge value {transformation:[-0.9999756307053947f,0.00004873799534789505f,0.006981090169572757f,0.6875f,0f,0.9999756307053947f,-0.006981260297961551f,1.9375f,-0.006981260297961673f,-0.006981090169572634f,-0.9999512620046521f,0.06250000000000008f,0f,0f,0f,1f],start_interpolation:0}
execute if entity @s[tag=aj.sully.bone.right_arm] run data modify entity @s {} merge value {transformation:[-0.9999537280011525f,0.001262813799378825f,0.009536621933641432f,-0.8125f,0.0013836973513000458f,0.9999186509900869f,0.012679778539263924f,1.9375f,-0.009519833939576764f,0.012692387619075898f,-0.9998741301075301f,0.0624999999999999f,0f,0f,0f,1f],start_interpolation:0}