execute if entity @s[tag=aj.sully.bone.jaw] run data modify entity @s {} merge value {transformation:[-0.9999862922474267f,-0.005116469571963524f,-0.0011122303552346556f,-0.1249857272653171f,-0.00523596383141958f,0.9771647783283852f,0.21241840945924106f,2.121946883396805f,-1.2246300119920409e-16f,0.2124213212781544f,-0.977178173245004f,0.12492720800203821f,0f,0f,0f,1f],start_interpolation:0}
execute if entity @s[tag=aj.sully.bone.h_head] run data modify entity @s {} merge value {transformation:[-0.9999862922474267f,-0.005235892058122898f,-0.00002741531724381154f,-2.296212748401287e-17f,-0.00523596383141958f,0.9999725846827561f,0.005235892058122897f,2.125f,-1.2246300119920409e-16f,0.005235963831419579f,-0.9999862922474267f,0.1875f,0f,0f,0f,1f],start_interpolation:0}
execute if entity @s[tag=aj.sully.bone.right_leg_down] run data modify entity @s {} merge value {transformation:[-1f,8.015237332335436e-19f,1.224620569250886e-16f,-0.24999999999999997f,0f,0.9999785816641292f,-0.006544937967351857f,0.49919393056800826f,-1.2246467991473532e-16f,-0.006544937967351857f,-0.9999785816641292f,-0.12131579510138076f,0f,0f,0f,1f],start_interpolation:0}
execute if entity @s[tag=aj.sully.bone.right_leg] run data modify entity @s {} merge value {transformation:[-1f,8.015237332335436e-19f,1.224620569250886e-16f,-0.25f,0f,0.9999785816641292f,-0.006544937967351857f,1.0625f,-1.2246467991473532e-16f,-0.006544937967351857f,-0.9999785816641292f,-2.7755575615628914e-17f,0f,0f,0f,1f],start_interpolation:0}
execute if entity @s[tag=aj.sully.bone.left_arm] run data modify entity @s {} merge value {transformation:[-0.9999862922474267f,-0.000027415317243934645f,0.005235892058123019f,0.6875f,0f,0.9999862922474267f,0.00523596383141958f,1.9375f,-0.005235963831419702f,0.005235892058122897f,-0.9999725846827561f,0.06250000000000008f,0f,0f,0f,1f],start_interpolation:0}
execute if entity @s[tag=aj.sully.bone.right_arm] run data modify entity @s {} merge value {transformation:[-0.9998942313774246f,0.014505530737361622f,0.0010562367995096001f,-0.8125f,0.014488623082062021f,0.9997890102210601f,-0.014560729459023128f,1.9375f,-0.0012672250530670304f,-0.014543885973851058f,-0.9998934290820419f,0.0624999999999999f,0f,0f,0f,1f],start_interpolation:0}