execute if entity @s[tag=aj.sully.bone.jaw] run data modify entity @s {} merge value {transformation:[-0.9999496433554291f,0.009832040652471077f,0.0020104054213638694f,-0.1250125704001772f,0.01003547474462933f,0.9796791675606669f,0.20031978907309328f,2.1243746995770203f,-1.2245851300437636e-16f,0.20032987701350702f,-0.9797285034006886f,0.12490947291502572f,0f,0f,0f,1f],start_interpolation:0}
execute if entity @s[tag=aj.sully.bone.h_head] run data modify entity @s {} merge value {transformation:[-0.9999496433554291f,0.010034556709193206f,0.00013573871989503637f,-2.296212748401287e-17f,0.01003547474462933f,0.9998581689378955f,0.013525208124416944f,2.125f,-1.2245851300437636e-16f,0.013525889242814053f,-0.9999085209758897f,0.1875f,0f,0f,0f,1f],start_interpolation:0}
execute if entity @s[tag=aj.sully.bone.right_leg_down] run data modify entity @s {} merge value {transformation:[-1f,-9.160251216659062e-19f,1.224612539728181e-16f,-0.24999999999999997f,0f,0.9999720250612698f,0.007479912757732912f,0.5009507249977524f,-1.2246467991473532e-16f,0.007479912757732912f,-0.9999720250612698f,-0.12920395405888352f,0f,0f,0f,1f],start_interpolation:0}
execute if entity @s[tag=aj.sully.bone.right_leg] run data modify entity @s {} merge value {transformation:[-1f,-9.160251216659062e-19f,1.224612539728181e-16f,-0.25f,0f,0.9999720250612698f,0.007479912757732912f,1.0625f,-1.2246467991473532e-16f,0.007479912757732912f,-0.9999720250612698f,-2.7755575615628914e-17f,0f,0f,0f,1f],start_interpolation:0}
execute if entity @s[tag=aj.sully.bone.left_arm] run data modify entity @s {} merge value {transformation:[-0.9998476951563913f,0.00024367364602941388f,0.017450705246676135f,0.6875f,-1.3552527156068805e-20f,0.9999025240093042f,-0.013962180339145269f,1.9375f,-0.017452406437283637f,-0.013960053831452279f,-0.999750234011761f,0.06250000000000008f,0f,0f,0f,1f],start_interpolation:0}
execute if entity @s[tag=aj.sully.bone.right_arm] run data modify entity @s {} merge value {transformation:[-0.9996500871539012f,0.0028894583719432793f,0.026293616782680964f,-0.8125f,0.003804028191878416f,0.9993870675350685f,0.034799692716629464f,1.9375f,-0.02617694830787327f,0.03488753751661539f,-0.9990483607430192f,0.0624999999999999f,0f,0f,0f,1f],start_interpolation:0}