execute if entity @s[tag=aj.sully.bone.jaw] run data modify entity @s {} merge value {transformation:[-0.9999785816641292f,0.006399680247518821f,0.0013712424023495362f,-0.12501248565626694f,0.006544937967351858f,0.9777851537998843f,0.20950741465528172f,2.123501422487118f,-1.2245866879329958e-16f,0.2095119020515688f,-0.9778060967792817f,0.1249241217805721f,0f,0f,0f,1f],start_interpolation:0}
execute if entity @s[tag=aj.sully.bone.h_head] run data modify entity @s {} merge value {transformation:[-0.9999785816641292f,0.00654479778567222f,0.000042836212996606336f,-2.296212748401287e-17f,0.006544937967351858f,0.9999571637870035f,0.006544797785672221f,2.125f,-1.2245866879329958e-16f,0.006544937967351859f,-0.9999785816641292f,0.1875f,0f,0f,0f,1f],start_interpolation:0}
execute if entity @s[tag=aj.sully.bone.right_leg_down] run data modify entity @s {} merge value {transformation:[-1f,-1.4249091020909512e-18f,1.2245639003608327e-16f,-0.24999999999999997f,0f,0.9999323080037622f,0.01163526580139701f,0.5014924849730584f,-1.2246467991473532e-16f,0.01163526580139701f,-0.9999323080037622f,-0.13153637551375613f,0f,0f,0f,1f],start_interpolation:0}
execute if entity @s[tag=aj.sully.bone.right_leg] run data modify entity @s {} merge value {transformation:[-1f,-1.4249091020909512e-18f,1.2245639003608327e-16f,-0.25f,0f,0.9999323080037622f,0.01163526580139701f,1.0625f,-1.2246467991473532e-16f,0.01163526580139701f,-0.9999323080037622f,-2.7755575615628914e-17f,0f,0f,0f,1f],start_interpolation:0}
execute if entity @s[tag=aj.sully.bone.left_arm] run data modify entity @s {} merge value {transformation:[-0.9999619230641713f,0.00007615242180438149f,0.008726203218641879f,0.6875f,6.776263578034403e-21f,0.9999619230641713f,-0.008726535498373933f,1.9375f,-0.008726535498374056f,-0.008726203218641756f,-0.9999238475781956f,0.06250000000000008f,0f,0f,0f,1f],start_interpolation:0}
execute if entity @s[tag=aj.sully.bone.right_arm] run data modify entity @s {} merge value {transformation:[-0.9999277003408609f,0.001540682248391279f,0.01192561902992996f,-0.8125f,0.0017295772899959833f,0.999872958497863f,0.015845359798018294f,1.9375f,-0.011899691316814304f,0.015864840463749273f,-0.9998033327528091f,0.0624999999999999f,0f,0f,0f,1f],start_interpolation:0}