execute if entity @s[tag=aj.sully.bone.jaw] run data modify entity @s {} merge value {transformation:[-0.9999306051466773f,0.011533055233418339f,0.0024028166768700937f,-0.1250147582517331f,0.011780699936749225f,0.9789108423658144f,0.20394797818966523f,2.1244836579359716f,-1.224697340233915e-16f,0.2039621321119065f,-0.9789787784545513f,0.12491284916544951f,0f,0f,0f,1f],start_interpolation:0}
execute if entity @s[tag=aj.sully.bone.h_head] run data modify entity @s {} merge value {transformation:[-0.9999306051466773f,0.011779882416805073f,0.00013878489099984566f,-2.296212748401287e-17f,0.011780699936749225f,0.9998612151090003f,0.011779882416805075f,2.125f,-1.224697340233915e-16f,0.011780699936749227f,-0.9999306051466773f,0.1875f,0f,0f,0f,1f],start_interpolation:0}
execute if entity @s[tag=aj.sully.bone.right_leg_down] run data modify entity @s {} merge value {transformation:[-1f,-1.5266832266438957e-18f,1.2245516348829094e-16f,-0.24999999999999997f,0f,0.9999222924809749f,0.012466314595415038f,0.5016019998038785f,-1.2246467991473532e-16f,0.012466314595415038f,-0.9999222924809749f,-0.13200258852004285f,0f,0f,0f,1f],start_interpolation:0}
execute if entity @s[tag=aj.sully.bone.right_leg] run data modify entity @s {} merge value {transformation:[-1f,-1.5266832266438957e-18f,1.2245516348829094e-16f,-0.25f,0f,0.9999222924809749f,0.012466314595415038f,1.0625f,-1.2246467991473532e-16f,0.012466314595415038f,-0.9999222924809749f,-2.7755575615628914e-17f,0f,0f,0f,1f],start_interpolation:0}
execute if entity @s[tag=aj.sully.bone.left_arm] run data modify entity @s {} merge value {transformation:[-0.9998766324816606f,0.00024671981713422325f,0.015705379539064264f,0.6875f,0f,0.9998766324816606f,-0.01570731731182067f,1.9375f,-0.01570731731182079f,-0.015705379539064142f,-0.9997532801828658f,0.06250000000000008f,0f,0f,0f,1f],start_interpolation:0}
execute if entity @s[tag=aj.sully.bone.right_arm] run data modify entity @s {} merge value {transformation:[-0.999765755939742f,0.002500566958977302f,0.021498381686065018f,-0.8125f,0.003112741867539172f,0.999589252248101f,0.0284892546085063f,1.9375f,-0.02141831198535808f,0.028549500082591633f,-0.99936288802253f,0.0624999999999999f,0f,0f,0f,1f],start_interpolation:0}