execute if entity @s[tag=aj.sully.bone.jaw] run data modify entity @s {} merge value {transformation:[-0.9999756307053947f,0.006842925487386892f,0.0013828832640411597f,-0.12500988675538363f,0.006981260297961555f,0.9801609506119915f,0.1980802183461272f,2.1240201837014f,-1.2246169553687175e-16f,0.19808504553895884f,-0.9801848370250525f,0.12490865864290583f,0f,0f,0f,1f],start_interpolation:0}
execute if entity @s[tag=aj.sully.bone.h_head] run data modify entity @s {} merge value {transformation:[-0.9999756307053947f,0.006980579792697704f,0.00009747361527477673f,-2.296212748401287e-17f,0.006981260297961555f,0.9998781570901202f,0.013961840090659258f,2.125f,-1.2246169553687175e-16f,0.013962180339145272f,-0.9999025240093042f,0.1875f,0f,0f,0f,1f],start_interpolation:0}
execute if entity @s[tag=aj.sully.bone.right_leg_down] run data modify entity @s {} merge value {transformation:[-1f,-6.106865781478324e-19f,1.2246315726993914e-16f,-0.24999999999999997f,0f,0.9999875666616919f,0.00498663433875805f,0.5006303230451431f,-1.2246467991473532e-16f,0.00498663433875805f,-0.9999875666616919f,-0.1278034276482629f,0f,0f,0f,1f],start_interpolation:0}
execute if entity @s[tag=aj.sully.bone.right_leg] run data modify entity @s {} merge value {transformation:[-1f,-6.106865781478324e-19f,1.2246315726993914e-16f,-0.25f,0f,0.9999875666616919f,0.00498663433875805f,1.0625f,-1.2246467991473532e-16f,0.00498663433875805f,-0.9999875666616919f,-2.7755575615628914e-17f,0f,0f,0f,1f],start_interpolation:0}
execute if entity @s[tag=aj.sully.bone.left_arm] run data modify entity @s {} merge value {transformation:[-0.9998476951563913f,0.00018275783252021265f,0.017451449510765337f,0.6875f,0f,0.9999451693655121f,-0.010471784116245797f,1.9375f,-0.017452406437283633f,-0.010470189212803667f,-0.9997928728728745f,0.06250000000000008f,0f,0f,0f,1f],start_interpolation:0}
execute if entity @s[tag=aj.sully.bone.right_arm] run data modify entity @s {} merge value {transformation:[-0.9996832116290635f,0.007121091877032592f,0.02414055586517998f,-0.8125f,0.007769244210428903f,0.9996089458092334f,0.026862507376484348f,1.9375f,-0.023939825216566058f,0.027041551520425363f,-0.9993476068215545f,0.0624999999999999f,0f,0f,0f,1f],start_interpolation:0}