execute if entity @s[tag=aj.sully.bone.jaw] run data modify entity @s {} merge value {transformation:[-1f,-9.381338752702728e-17f,7.871877887341988e-17f,-0.12500000000000008f,0f,0.6427876096865395f,0.7660444431189778f,1.4816368422582151f,-1.2246467991473532e-16f,0.7660444431189778f,-0.6427876096865395f,0.5540334980925301f,0f,0f,0f,1f],start_interpolation:0}
execute if entity @s[tag=aj.sully.bone.h_head] run data modify entity @s {} merge value {transformation:[-1f,-7.455177354798982e-17f,9.715776287805221e-17f,-7.413091070062715e-17f,0f,0.7933533402912353f,0.6087614290087204f,1.4457159872792915f,-1.2246467991473532e-16f,0.6087614290087204f,-0.7933533402912353f,0.605324823061147f,0f,0f,0f,1f],start_interpolation:0}
execute if entity @s[tag=aj.sully.bone.left_leg_down] run data modify entity @s {} merge value {transformation:[-1f,-1.0182565992946023e-16f,6.803773075690053e-17f,0.31250000000000006f,0f,0.5555702330196026f,0.831469612302545f,0.31032138346571625f,-1.2246467991473532e-16f,0.831469612302545f,-0.5555702330196026f,-0.23190736525640054f,0f,0f,0f,1f],start_interpolation:0}
execute if entity @s[tag=aj.sully.bone.left_leg] run data modify entity @s {} merge value {transformation:[-1f,0f,1.224646799147353e-16f,0.3062500000000001f,0f,1f,0f,0.7169208311589891f,-1.2246467991473532e-16f,0f,-1f,-0.19023794656522505f,0f,0f,0f,1f],start_interpolation:0}
execute if entity @s[tag=aj.sully.bone.right_leg_down] run data modify entity @s {} merge value {transformation:[-1f,1.0785207688568521e-32f,1.2246467991473532e-16f,-0.25000000000000006f,0f,1f,6.938893903907228e-17f,0.3879078770051839f,-1.2246467991473532e-16f,6.938893903907228e-17f,-1f,0.09396342092413723f,0f,0f,0f,1f],start_interpolation:0}
execute if entity @s[tag=aj.sully.bone.right_leg] run data modify entity @s {} merge value {transformation:[-1f,9.38133875270273e-17f,7.871877887341989e-17f,-0.24999999999999997f,0f,0.6427876096865396f,-0.7660444431189778f,0.7169208311589891f,-1.2246467991473532e-16f,-0.7660444431189778f,-0.6427876096865396f,-0.19023794656522516f,0f,0f,0f,1f],start_interpolation:0}
execute if entity @s[tag=aj.sully.bone.left_arm] run data modify entity @s {} merge value {transformation:[-1f,1.0182565992946022e-16f,-6.803773075690061e-17f,0.6875f,0f,-0.5555702330196031f,-0.8314696123025448f,1.373057414600775f,-1.2246467991473532e-16f,-0.8314696123025448f,0.5555702330196031f,0.3920128875856076f,0f,0f,0f,1f],start_interpolation:0}
execute if entity @s[tag=aj.sully.bone.right_arm] run data modify entity @s {} merge value {transformation:[-1f,1.0256176360399081e-16f,-6.692295923715333e-17f,-0.8125f,0f,-0.5464674327630441f,-0.8374803549513075f,1.373057414600775f,-1.2246467991473532e-16f,-0.8374803549513075f,0.5464674327630441f,0.3920128875856074f,0f,0f,0f,1f],start_interpolation:0}
execute if entity @s[tag=aj.sully.bone.torso] run data modify entity @s {} merge value {transformation:[-1f,-7.455177354798982e-17f,9.715776287805221e-17f,-3.2466115136204623e-18f,0f,0.7933533402912353f,0.6087614290087204f,1.1020605068494496f,-1.2246467991473532e-16f,0.6087614290087204f,-0.7933533402912353f,0.02651059485788787f,0f,0f,0f,1f],start_interpolation:0}