execute if entity @s[tag=aj.sully.bone.jaw] run data modify entity @s {} merge value {transformation:[-1f,-4.1885387376769924e-17f,1.1507915602278503e-16f,-0.12500000000000003f,0f,0.9396926207859083f,0.34202014332566877f,2.017541445442194f,-1.2246467991473532e-16f,0.34202014332566877f,-0.9396926207859083f,0.22141053776658104f,0f,0f,0f,1f],start_interpolation:0}
execute if entity @s[tag=aj.sully.bone.h_head] run data modify entity @s {} merge value {transformation:[-1f,-1.598484835071784e-17f,1.2141697760125282e-16f,-3.475431956327329e-17f,0f,0.9914448613738104f,0.13052619222005163f,2.012078734989098f,-1.2246467991473532e-16f,0.13052619222005163f,-0.9914448613738104f,0.2837905556726282f,0f,0f,0f,1f],start_interpolation:0}
execute if entity @s[tag=aj.sully.bone.left_leg_down] run data modify entity @s {} merge value {transformation:[-1f,-2.3891673840167805e-17f,1.2011155542966555e-16f,0.3125f,0f,0.9807852804032304f,0.19509032201612836f,0.4572216661987079f,-1.2246467991473532e-16f,0.19509032201612836f,-0.9807852804032304f,-0.1621866751443718f,0f,0f,0f,1f],start_interpolation:0}
execute if entity @s[tag=aj.sully.bone.left_leg] run data modify entity @s {} merge value {transformation:[-1f,-3.0814879110195774e-33f,1.2246467991473532e-16f,0.30625f,0f,1f,0f,0.9831422308206839f,-1.2246467991473532e-16f,0f,-1f,-0.0407894350687661f,0f,0f,0f,1f],start_interpolation:0}
execute if entity @s[tag=aj.sully.bone.right_leg_down] run data modify entity @s {} merge value {transformation:[-1f,-1.1555579666323415e-33f,1.2246467991473535e-16f,-0.24999999999999997f,0f,0.9999999999999999f,-6.591949208711867e-17f,0.4369730561755338f,-1.2246467991473532e-16f,-6.591949208711867e-17f,-0.9999999999999999f,-0.0690367514258976f,0f,0f,0f,1f],start_interpolation:0}
execute if entity @s[tag=aj.sully.bone.right_leg] run data modify entity @s {} merge value {transformation:[-1f,2.1265768495757722e-17f,1.2060416625018979e-16f,-0.25f,0f,0.9848077530122079f,-0.17364817766693044f,0.9831422308206839f,-1.2246467991473532e-16f,-0.17364817766693044f,-0.9848077530122079f,-0.040789435068766165f,0f,0f,0f,1f],start_interpolation:0}
execute if entity @s[tag=aj.sully.bone.left_arm] run data modify entity @s {} merge value {transformation:[-1f,1.5984848350717854e-17f,-1.2141697760125282e-16f,0.6875f,0f,-0.9914448613738104f,-0.13052619222005174f,1.842498597509015f,-1.2246467991473532e-16f,-0.13052619222005174f,0.9914448613738104f,0.13538628695964228f,0f,0f,0f,1f],start_interpolation:0}
execute if entity @s[tag=aj.sully.bone.right_arm] run data modify entity @s {} merge value {transformation:[-1f,1.5984848350717854e-17f,-1.2141697760125282e-16f,-0.8125f,0f,-0.9914448613738104f,-0.13052619222005174f,1.842498597509015f,-1.2246467991473532e-16f,-0.13052619222005174f,0.9914448613738104f,0.1353862869596421f,0f,0f,0f,1f],start_interpolation:0}
execute if entity @s[tag=aj.sully.bone.torso] run data modify entity @s {} merge value {transformation:[-1f,-1.598484835071784e-17f,1.2141697760125282e-16f,5.590455056238569e-18f,0f,0.9914448613738104f,0.13052619222005163f,1.4250572446854792f,-1.2246467991473532e-16f,0.13052619222005163f,-0.9914448613738104f,-0.045649529808356695f,0f,0f,0f,1f],start_interpolation:0}