execute if entity @s[tag=aj.sully.bone.jaw] run data modify entity @s {} merge value {transformation:[-1f,-1.0658783171524651e-16f,6.030449367054557e-17f,-0.12500000000000008f,0f,0.49242356010346733f,0.8703556959398997f,1.1571747584928966f,-1.2246467991473532e-16f,0.8703556959398997f,-0.49242356010346733f,0.6389342166926928f,0f,0f,0f,1f],start_interpolation:0}
execute if entity @s[tag=aj.sully.bone.h_head] run data modify entity @s {} merge value {transformation:[-1f,-9.100899318238091e-17f,8.194486552889036e-17f,-8.362140717345263e-17f,0f,0.6691306063588585f,0.7431448254773941f,1.1125082999921325f,-1.2246467991473532e-16f,0.7431448254773941f,-0.6691306063588585f,0.6828206078003316f,0f,0f,0f,1f],start_interpolation:0}
execute if entity @s[tag=aj.sully.bone.left_leg_down] run data modify entity @s {} merge value {transformation:[-1f,-1.2245881955681749e-16f,1.1980564967471433e-18f,0.31250000000000006f,0f,0.009782873703514161f,0.9999521465460741f,0.16588771299024563f,-1.2246467991473532e-16f,0.9999521465460741f,-0.009782873703514161f,-0.17156704678109458f,0f,0f,0f,1f],start_interpolation:0}
execute if entity @s[tag=aj.sully.bone.left_leg] run data modify entity @s {} merge value {transformation:[-1f,0f,1.2246467991473535e-16f,0.3062500000000001f,0f,1f,0f,0.5408966855128567f,-1.2246467991473532e-16f,0f,-1f,-0.2322327579616857f,0f,0f,0f,1f],start_interpolation:0}
execute if entity @s[tag=aj.sully.bone.right_leg_down] run data modify entity @s {} merge value {transformation:[-1f,1.3892879223709983e-18f,1.2245679934445184e-16f,-0.25000000000000006f,0f,0.9999356502602302f,-0.011344396795372066f,0.4806208957801783f,-1.2246467991473532e-16f,-0.011344396795372066f,-0.9999356502602302f,0.14663627126503498f,0f,0f,0f,1f],start_interpolation:0}
execute if entity @s[tag=aj.sully.bone.right_leg] run data modify entity @s {} merge value {transformation:[-1f,1.2060416625018979e-16f,2.126576849575773e-17f,-0.24999999999999997f,0f,0.17364817766693058f,-0.9848077530122081f,0.5408966855128567f,-1.2246467991473532e-16f,-0.9848077530122081f,-0.17364817766693058f,-0.2322327579616858f,0f,0f,0f,1f],start_interpolation:0}
execute if entity @s[tag=aj.sully.bone.left_arm] run data modify entity @s {} merge value {transformation:[-1f,5.559780123493437e-17f,1.0911682878666933e-16f,0.6875f,0f,0.8910065241883678f,-0.4539904997395471f,1.079939414484521f,-1.2246467991473532e-16f,-0.4539904997395471f,-0.8910065241883678f,0.45983962722846294f,0f,0f,0f,1f],start_interpolation:0}
execute if entity @s[tag=aj.sully.bone.right_arm] run data modify entity @s {} merge value {transformation:[-1f,4.087955016940688e-17f,1.1544028848095244e-16f,-0.8125f,0f,0.9426414910921783f,-0.33380685923377107f,1.079939414484521f,-1.2246467991473532e-16f,-0.33380685923377107f,-0.9426414910921783f,0.4598396272284627f,0f,0f,0f,1f],start_interpolation:0}
execute if entity @s[tag=aj.sully.bone.torso] run data modify entity @s {} merge value {transformation:[-1f,-9.100899318238091e-17f,8.194486552889036e-17f,-6.254570052241962e-18f,0f,0.6691306063588585f,0.7431448254773941f,0.8800878773871945f,-1.2246467991473532e-16f,0.7431448254773941f,-0.6691306063588585f,0.05107244028724556f,0f,0f,0f,1f],start_interpolation:0}