execute if entity @s[tag=aj.sully.bone.jaw] run data modify entity @s {} merge value {transformation:[-1f,-5.07852752247e-17f,1.1143811577270162e-16f,-0.12500000000000003f,0f,0.9099612708765431f,0.4146932426562392f,1.5487174090582763f,-1.2246467991473532e-16f,0.4146932426562392f,-0.9099612708765431f,0.27757732144415986f,0f,0f,0f,1f],start_interpolation:0}
execute if entity @s[tag=aj.sully.bone.h_head] run data modify entity @s {} merge value {transformation:[-1f,-2.5461838666528335e-17f,1.1978853283323182e-16f,-4.155672890612722e-17f,0f,0.9781476007338056f,0.20791169081775954f,1.5383772585220243f,-1.2246467991473532e-16f,0.20791169081775954f,-0.9781476007338056f,0.33933644325090817f,0f,0f,0f,1f],start_interpolation:0}
execute if entity @s[tag=aj.sully.bone.left_leg_down] run data modify entity @s {} merge value {transformation:[-1f,-1.2245624102894814e-16f,1.4376577056920238e-18f,0.3125f,0f,0.011739366049811073f,0.9999310912681677f,0.16306595438346716f,-1.2246467991473532e-16f,0.9999310912681677f,-0.011739366049811073f,-0.004673534514889374f,0f,0f,0f,1f],start_interpolation:0}
execute if entity @s[tag=aj.sully.bone.left_leg] run data modify entity @s {} merge value {transformation:[-1f,0f,1.2246467991473532e-16f,0.30625f,0f,1f,0f,0.5380788747706857f,-1.2246467991473532e-16f,0f,-1f,-0.0649724033805498f,0f,0f,0f,1f],start_interpolation:0}
execute if entity @s[tag=aj.sully.bone.right_leg_down] run data modify entity @s {} merge value {transformation:[-1f,5.555363821224921e-18f,1.2233861107366063e-16f,-0.25000000000000006f,0f,0.9989705697907147f,-0.045362988129253184f,0.4787769825074579f,-1.2246467991473532e-16f,-0.045362988129253184f,-0.9989705697907147f,0.313772730439471f,0f,0f,0f,1f],start_interpolation:0}
execute if entity @s[tag=aj.sully.bone.right_leg] run data modify entity @s {} merge value {transformation:[-1f,1.2060416625018976e-16f,2.126576849575777e-17f,-0.25f,0f,0.1736481776669308f,-0.9848077530122079f,0.5380788747706857f,-1.2246467991473532e-16f,-0.9848077530122079f,-0.1736481776669308f,-0.06497240338054988f,0f,0f,0f,1f],start_interpolation:0}
execute if entity @s[tag=aj.sully.bone.left_arm] run data modify entity @s {} merge value {transformation:[-1f,1.4394179757685143e-17f,1.2161581071440514e-16f,0.6875f,0f,0.9930684569549262f,-0.11753739745783792f,1.3809635447366557f,-1.2246467991473532e-16f,-0.11753739745783792f,-0.9930684569549262f,0.17808455113085267f,0f,0f,0f,1f],start_interpolation:0}
execute if entity @s[tag=aj.sully.bone.right_arm] run data modify entity @s {} merge value {transformation:[-1f,6.4093061293237294e-18f,1.2229684632711994e-16f,-0.8125f,0f,0.9986295347545739f,-0.05233595624294399f,1.3809635447366557f,-1.2246467991473532e-16f,-0.05233595624294399f,-0.9986295347545739f,0.17808455113085248f,0f,0f,0f,1f],start_interpolation:0}
execute if entity @s[tag=aj.sully.bone.torso] run data modify entity @s {} merge value {transformation:[-1f,-2.5461838666528335e-17f,1.1978853283323182e-16f,4.304053468760947e-18f,0f,0.9781476007338056f,0.20791169081775954f,0.9790129307678357f,-1.2246467991473532e-16f,0.20791169081775954f,-0.9781476007338056f,-0.0351452636936429f,0f,0f,0f,1f],start_interpolation:0}