execute if entity @s[tag=aj.sully.bone.jaw] run data modify entity @s {} merge value {transformation:[-1f,-9.970039636912547e-17f,7.111560159668096e-17f,-0.12500000000000008f,0f,0.5807029557109398f,0.8141155183563193f,1.2373560243624833f,-1.2246467991473532e-16f,0.8141155183563193f,-0.5807029557109398f,0.5928727164142197f,0f,0f,0f,1f],start_interpolation:0}
execute if entity @s[tag=aj.sully.bone.h_head] run data modify entity @s {} merge value {transformation:[-1f,-8.194486552889034e-17f,9.100899318238092e-17f,-7.852283536836418e-17f,0f,0.7431448254773942f,0.6691306063588583f,1.1975216304157597f,-1.2246467991473532e-16f,0.6691306063588583f,-0.7431448254773942f,0.6411876095461553f,0f,0f,0f,1f],start_interpolation:0}
execute if entity @s[tag=aj.sully.bone.left_leg_down] run data modify entity @s {} merge value {transformation:[-1f,-1.2245842235816348e-16f,1.2379903748521898e-18f,0.31250000000000006f,0f,0.010108958564331584f,0.9999489031729296f,0.15838266138323878f,-1.2246467991473532e-16f,0.9999489031729296f,-0.010108958564331584f,-0.14849874421795525f,0f,0f,0f,1f],start_interpolation:0}
execute if entity @s[tag=aj.sully.bone.left_leg] run data modify entity @s {} merge value {transformation:[-1f,0f,1.2246467991473535e-16f,0.3062500000000001f,0f,1.0000000000000002f,0f,0.5333922420383146f,-1.2246467991473532e-16f,0f,-1.0000000000000002f,-0.2091033144871431f,0f,0f,0f,1f],start_interpolation:0}
execute if entity @s[tag=aj.sully.bone.right_leg_down] run data modify entity @s {} merge value {transformation:[-1f,2.0838760077296177e-18f,1.2244694886930824e-16f,-0.25000000000000006f,0f,0.9998552150265739f,-0.017016138932306885f,0.4732787232948711f,-1.2246467991473532e-16f,-0.017016138932306885f,-0.9998552150265739f,0.16974471141211125f,0f,0f,0f,1f],start_interpolation:0}
execute if entity @s[tag=aj.sully.bone.right_leg] run data modify entity @s {} merge value {transformation:[-1f,1.2060416625018979e-16f,2.12657684957577e-17f,-0.24999999999999997f,0f,0.1736481776669302f,-0.9848077530122081f,0.5333922420383146f,-1.2246467991473532e-16f,-0.9848077530122081f,-0.1736481776669302f,-0.2091033144871432f,0f,0f,0f,1f],start_interpolation:0}
execute if entity @s[tag=aj.sully.bone.left_arm] run data modify entity @s {} merge value {transformation:[-1f,4.907757757217989e-17f,1.1220066491008527e-16f,0.6875f,0f,0.9161879571171357f,-0.4007488331031414f,1.1418233014336059f,-1.2246467991473532e-16f,-0.4007488331031414f,-0.9161879571171357f,0.42283251766919516f,0f,0f,0f,1f],start_interpolation:0}
execute if entity @s[tag=aj.sully.bone.right_arm] run data modify entity @s {} merge value {transformation:[-1f,3.529386372966251e-17f,1.1726867019647912e-16f,-0.8125f,0f,0.9575713608048144f,-0.28819626813408955f,1.1418233014336059f,-1.2246467991473532e-16f,-0.28819626813408955f,-0.9575713608048144f,0.42283251766919494f,0f,0f,0f,1f],start_interpolation:0}
execute if entity @s[tag=aj.sully.bone.torso] run data modify entity @s {} merge value {transformation:[-1f,-8.194486552889034e-17f,9.100899318238092e-17f,-4.555046117212497e-18f,0f,0.7431448254773942f,0.6691306063588583f,0.9003387660821032f,-1.2246467991473532e-16f,0.6691306063588583f,-0.7431448254773942f,0.037194774202520264f,0f,0f,0f,1f],start_interpolation:0}