execute if entity @s[tag=aj.sully.bone.jaw] run data modify entity @s {} merge value {transformation:[-1f,-9.1720622616735e-17f,8.114755210982683e-17f,-0.12500000000000008f,0f,0.6626200482157378f,0.7489557207890019f,1.3123689064130921f,-1.2246467991473532e-16f,0.7489557207890019f,-0.6626200482157378f,0.5403155785881197f,0f,0f,0f,1f],start_interpolation:0}
execute if entity @s[tag=aj.sully.bone.h_head] run data modify entity @s {} merge value {transformation:[-1f,-7.198293278059963e-17f,9.90760072617092e-17f,-7.256395094702019e-17f,0f,0.8090169943749477f,0.5877852522924728f,1.2778030109763723f,-1.2246467991473532e-16f,0.5877852522924728f,-0.8090169943749477f,0.5925296256646573f,0f,0f,0f,1f],start_interpolation:0}
execute if entity @s[tag=aj.sully.bone.left_leg_down] run data modify entity @s {} merge value {transformation:[-1f,-1.2245801213705356e-16f,1.2779241213069873e-18f,0.31250000000000006f,0f,0.010435042350143142f,0.9999455534633627f,0.15342198053220948f,-1.2246467991473532e-16f,0.9999455534633627f,-0.010435042350143142f,-0.12313946178204954f,0f,0f,0f,1f],start_interpolation:0}
execute if entity @s[tag=aj.sully.bone.left_leg] run data modify entity @s {} merge value {transformation:[-1f,0f,1.2246467991473532e-16f,0.3062500000000001f,0f,1f,0f,0.528432189257829f,-1.2246467991473532e-16f,0f,-1f,-0.1836828913413977f,0f,0f,0f,1f],start_interpolation:0}
execute if entity @s[tag=aj.sully.bone.right_leg_down] run data modify entity @s {} merge value {transformation:[-1f,2.7783970441094353e-18f,1.2243315864782649e-16f,-0.25000000000000006f,0f,0.9997426093226982f,-0.022687333572780882f,0.46848095977069026f,-1.2246467991473532e-16f,-0.022687333572780882f,-0.9997426093226982f,0.19514427284652167f,0f,0f,0f,1f],start_interpolation:0}
execute if entity @s[tag=aj.sully.bone.right_leg] run data modify entity @s {} merge value {transformation:[-1f,1.2060416625018974e-16f,2.1265768495757775e-17f,-0.24999999999999997f,0f,0.17364817766693086f,-0.9848077530122079f,0.528432189257829f,-1.2246467991473532e-16f,-0.9848077530122079f,-0.17364817766693086f,-0.1836828913413978f,0f,0f,0f,1f],start_interpolation:0}
execute if entity @s[tag=aj.sully.bone.left_arm] run data modify entity @s {} merge value {transformation:[-1f,4.2387114608025356e-17f,1.1489530165252494e-16f,0.6875f,0f,0.9381913359224843f,-0.34611705707749296f,1.1995854810676287f,-1.2246467991473532e-16f,-0.34611705707749296f,-0.9381913359224843f,0.3811927665629503f,0f,0f,0f,1f],start_interpolation:0}
execute if entity @s[tag=aj.sully.bone.right_arm] run data modify entity @s {} merge value {transformation:[-1f,2.9626887508979345e-17f,1.1882695554102554e-16f,-0.8125f,0f,0.9702957262759965f,-0.24192189559966798f,1.1995854810676287f,-1.2246467991473532e-16f,-0.24192189559966798f,-0.9702957262759965f,0.3811927665629501f,0f,0f,0f,1f],start_interpolation:0}
execute if entity @s[tag=aj.sully.bone.torso] run data modify entity @s {} merge value {transformation:[-1f,-7.198293278059963e-17f,9.90760072617092e-17f,-2.805616143718117e-18f,0f,0.8090169943749477f,0.5877852522924728f,0.9191137025651481f,-1.2246467991473532e-16f,0.5877852522924728f,-0.8090169943749477f,0.0229095943881249f,0f,0f,0f,1f],start_interpolation:0}