execute if entity @s[tag=aj.sully.bone.jaw] run data modify entity @s {} merge value {transformation:[-1f,-1.0328566345430088e-16f,6.580022455450646e-17f,-0.12500000000000008f,0f,0.537299608346824f,0.8433914458128857f,1.3228684728445155f,-1.2246467991473532e-16f,0.8433914458128857f,-0.537299608346824f,0.6167486992108864f,0f,0f,0f,1f],start_interpolation:0}
execute if entity @s[tag=aj.sully.bone.h_head] run data modify entity @s {} merge value {transformation:[-1f,-8.659560562354932e-17f,8.659560562354935e-17f,-8.118338027207749e-17f,0f,0.7071067811865477f,0.7071067811865475f,1.280560064417433f,-1.2246467991473532e-16f,0.7071067811865475f,-0.7071067811865477f,0.6629126073623883f,0f,0f,0f,1f],start_interpolation:0}
execute if entity @s[tag=aj.sully.bone.left_leg_down] run data modify entity @s {} merge value {transformation:[-1f,-1.1314261122877005e-16f,4.6865204053263054e-17f,0.31250000000000006f,0f,0.38268343236509017f,0.9238795325112866f,0.27256904322507003f,-1.2246467991473532e-16f,0.9238795325112866f,-0.38268343236509017f,-0.23022401268925036f,0f,0f,0f,1f],start_interpolation:0}
execute if entity @s[tag=aj.sully.bone.left_leg] run data modify entity @s {} merge value {transformation:[-1f,1.232595164407831e-32f,1.2246467991473535e-16f,0.3062500000000001f,0f,1f,0f,0.6618416308792038f,-1.2246467991473532e-16f,0f,-1f,-0.22097086912079594f,0f,0f,0f,1f],start_interpolation:0}
execute if entity @s[tag=aj.sully.bone.right_leg_down] run data modify entity @s {} merge value {transformation:[-1f,3.0814879110195774e-32f,1.2246467991473532e-16f,-0.25000000000000006f,0f,1.0000000000000002f,-3.608224830031759e-16f,0.41634000480393857f,-1.2246467991473532e-16f,-3.608224830031759e-16f,-1.0000000000000002f,0.1108212842569139f,0f,0f,0f,1f],start_interpolation:0}
execute if entity @s[tag=aj.sully.bone.right_leg] run data modify entity @s {} merge value {transformation:[-1f,1.060575238724907e-16f,6.123233995736765e-17f,-0.24999999999999997f,0f,0.49999999999999994f,-0.8660254037844388f,0.6618416308792038f,-1.2246467991473532e-16f,-0.8660254037844388f,-0.49999999999999994f,-0.22097086912079605f,0f,0f,0f,1f],start_interpolation:0}
execute if entity @s[tag=aj.sully.bone.left_arm] run data modify entity @s {} merge value {transformation:[-1f,1.2141697760125282e-16f,-1.5984848350717953e-17f,0.6875f,0f,-0.13052619222005246f,-0.9914448613738104f,1.2363658905932737f,-1.2246467991473532e-16f,-0.9914448613738104f,0.13052619222005246f,0.44194173824159233f,0f,0f,0f,1f],start_interpolation:0}
execute if entity @s[tag=aj.sully.bone.right_arm] run data modify entity @s {} merge value {transformation:[-1f,1.2173679127761022e-16f,-1.3332346982063434e-17f,-0.8125f,0f,-0.10886687485196483f,-0.9940563382223194f,1.2363658905932737f,-1.2246467991473532e-16f,-0.9940563382223194f,0.10886687485196483f,0.4419417382415921f,0f,0f,0f,1f],start_interpolation:0}
execute if entity @s[tag=aj.sully.bone.torso] run data modify entity @s {} merge value {transformation:[-1f,-8.659560562354932e-17f,8.659560562354935e-17f,-5.412225351471841e-18f,0f,0.7071067811865477f,0.7071067811865475f,1.0153950214724776f,-1.2246467991473532e-16f,0.7071067811865475f,-0.7071067811865477f,0.044194173824159244f,0f,0f,0f,1f],start_interpolation:0}