execute if entity @s[tag=aj.sully.bone.jaw] run data modify entity @s {} merge value {transformation:[-1f,-2.6506208041798655e-17f,1.195617780139768e-16f,-0.125f,0f,0.9762960071199334f,0.21643961393810288f,1.67227375f,-1.2246467991473532e-16f,0.21643961393810288f,-0.9762960071199334f,0.12494062499999999f,0f,0f,0f,1f],start_interpolation:0}
execute if entity @s[tag=aj.sully.bone.h_head] run data modify entity @s {} merge value {transformation:[-1f,0f,1.2246467991473532e-16f,-2.296212748401287e-17f,0f,1f,0f,1.6749999999999998f,-1.2246467991473532e-16f,0f,-1f,0.1875f,0f,0f,0f,1f],start_interpolation:0}
execute if entity @s[tag=aj.sully.bone.left_leg_down] run data modify entity @s {} merge value {transformation:[-1f,-1.2073575941852184e-16f,2.050546815489434e-17f,0.3125f,0f,0.16743985424345242f,0.9858822927768462f,0.23485292989565848f,-1.2246467991473532e-16f,0.9858822927768462f,-0.16743985424345242f,0.031105027329352712f,0f,0f,0f,1f],start_interpolation:0}
execute if entity @s[tag=aj.sully.bone.left_leg] run data modify entity @s {} merge value {transformation:[-1f,0f,1.2246467991473532e-16f,0.30625f,0f,1f,0f,0.6124999999999998f,-1.2246467991473532e-16f,0f,-1f,4.163336342344337e-17f,0f,0f,0f,1f],start_interpolation:0}
execute if entity @s[tag=aj.sully.bone.right_leg_down] run data modify entity @s {} merge value {transformation:[-1f,6.249214486464198e-18f,1.223051313106721e-16f,-0.25000000000000006f,0f,0.9986971867792875f,-0.051028708773951305f,0.4775437896029682f,-1.2246467991473532e-16f,-0.051028708773951305f,-0.9986971867792875f,0.3679151734166119f,0f,0f,0f,1f],start_interpolation:0}
execute if entity @s[tag=aj.sully.bone.right_leg] run data modify entity @s {} merge value {transformation:[-1f,1.1647083184890926e-16f,3.784366730434146e-17f,-0.25f,0f,0.3090169943749471f,-0.9510565162951536f,0.6124999999999998f,-1.2246467991473532e-16f,-0.9510565162951536f,-0.3090169943749471f,-2.7755575615628914e-17f,0f,0f,0f,1f],start_interpolation:0}
execute if entity @s[tag=aj.sully.bone.left_arm] run data modify entity @s {} merge value {transformation:[-1f,0f,1.2246467991473532e-16f,0.6875f,0f,1f,0f,1.4874999999999998f,-1.2246467991473532e-16f,0f,-1f,0.06250000000000008f,0f,0f,0f,1f],start_interpolation:0}
execute if entity @s[tag=aj.sully.bone.right_arm] run data modify entity @s {} merge value {transformation:[-1f,-5.341834311772723e-18f,1.223481206754078e-16f,-0.8125f,0f,0.9990482215818578f,0.043619387365336f,1.4874999999999998f,-1.2246467991473532e-16f,0.043619387365336f,-0.9990482215818578f,0.0624999999999999f,0f,0f,0f,1f],start_interpolation:0}
execute if entity @s[tag=aj.sully.bone.torso] run data modify entity @s {} merge value {transformation:[-1f,0f,1.2246467991473532e-16f,7.654042494670958e-18f,0f,1f,0f,1.0499999999999998f,-1.2246467991473532e-16f,0f,-1f,-0.0625f,0f,0f,0f,1f],start_interpolation:0}