execute if entity @s[tag=aj.sully.bone.jaw] run data modify entity @s {} merge value {transformation:[-1f,-8.27359385291814e-17f,9.029043306084036e-17f,-0.12500000000000006f,0f,0.7372773368101241f,0.6755902076156601f,1.3815627385812619f,-1.2246467991473532e-16f,0.6755902076156601f,-0.7372773368101241f,0.4818386302147052f,0f,0f,0f,1f],start_interpolation:0}
execute if entity @s[tag=aj.sully.bone.h_head] run data modify entity @s {} merge value {transformation:[-1f,-6.123233995736765e-17f,1.0605752387249069e-16f,-6.581004069411775e-17f,0f,0.8660254037844387f,0.49999999999999994f,1.352644052838329f,-1.2246467991473532e-16f,0.49999999999999994f,-0.8660254037844387f,0.5373797632095823f,0f,0f,0f,1f],start_interpolation:0}
execute if entity @s[tag=aj.sully.bone.left_leg_down] run data modify entity @s {} merge value {transformation:[-1f,-1.2245758889353138e-16f,1.3178577318650141e-18f,0.3125f,0f,0.010761125026273355f,0.99994209741773f,0.15123120458318712f,-1.2246467991473532e-16f,0.99994209741773f,-0.010761125026273355f,-0.09576771094242612f,0f,0f,0f,1f],start_interpolation:0}
execute if entity @s[tag=aj.sully.bone.left_leg] run data modify entity @s {} merge value {transformation:[-1f,0f,1.2246467991473532e-16f,0.30625f,0f,1f,0f,0.5262420613173627f,-1.2246467991473532e-16f,0f,-1f,-0.15624999999999986f,0f,0f,0f,1f],start_interpolation:0}
execute if entity @s[tag=aj.sully.bone.right_leg_down] run data modify entity @s {} merge value {transformation:[-1f,3.472828685206908e-18f,1.2241542912370884e-16f,-0.25000000000000006f,0f,0.9995978367717062f,-0.028357798245378388f,0.46645313923000925f,-1.2246467991473532e-16f,-0.028357798245378388f,-0.9995978367717062f,0.2225564441086036f,0f,0f,0f,1f],start_interpolation:0}
execute if entity @s[tag=aj.sully.bone.right_leg] run data modify entity @s {} merge value {transformation:[-1f,1.2060416625018976e-16f,2.126576849575773e-17f,-0.24999999999999997f,0f,0.17364817766693047f,-0.9848077530122079f,0.5262420613173627f,-1.2246467991473532e-16f,-0.9848077530122079f,-0.17364817766693047f,-0.15624999999999992f,0f,0f,0f,1f],start_interpolation:0}
execute if entity @s[tag=aj.sully.bone.left_arm] run data modify entity @s {} merge value {transformation:[-1f,3.5549620084120004e-17f,1.171913919129443e-16f,0.6875f,0f,0.9569403357322087f,-0.29028467725446255f,1.2527642896287468f,-1.2246467991473532e-16f,-0.29028467725446255f,-0.9569403357322087f,0.33537658773652756f,0f,0f,0f,1f],start_interpolation:0}
execute if entity @s[tag=aj.sully.bone.right_arm] run data modify entity @s {} merge value {transformation:[-1f,2.3891673840167817e-17f,1.2011155542966553e-16f,-0.8125f,0f,0.9807852804032304f,-0.19509032201612853f,1.2527642896287468f,-1.2246467991473532e-16f,-0.19509032201612853f,-0.9807852804032304f,0.33537658773652734f,0f,0f,0f,1f],start_interpolation:0}
execute if entity @s[tag=aj.sully.bone.torso] run data modify entity @s {} merge value {transformation:[-1f,-6.123233995736765e-17f,1.0605752387249069e-16f,-1.0254472526402832e-18f,0f,0.8660254037844387f,0.49999999999999994f,0.9363781754730547f,-1.2246467991473532e-16f,0.49999999999999994f,-0.8660254037844387f,0.008373412263472657f,0f,0f,0f,1f],start_interpolation:0}