execute if entity @s[tag=aj.sully.bone.jaw] run data modify entity @s {} merge value {transformation:[-1f,-1.1099069304367545e-16f,5.175581015019659e-17f,-0.12500000000000008f,0f,0.4226182617406994f,0.9063077870366499f,1.1565706237288809f,-1.2246467991473532e-16f,0.9063077870366499f,-0.4226182617406994f,0.6689111590907003f,0f,0f,0f,1f],start_interpolation:0}
execute if entity @s[tag=aj.sully.bone.h_head] run data modify entity @s {} merge value {transformation:[-1f,-9.71577628780522e-17f,7.455177354798984e-17f,-8.684677969878724e-17f,0f,0.6087614290087207f,0.7933533402912352f,1.1085985704519339f,-1.2246467991473532e-16f,0.7933533402912352f,-0.6087614290087207f,0.7091577731575616f,0f,0f,0f,1f],start_interpolation:0}
execute if entity @s[tag=aj.sully.bone.left_leg_down] run data modify entity @s {} merge value {transformation:[-1f,-1.2011155542966553e-16f,2.389167384016782e-17f,0.31250000000000006f,0f,0.19509032201612853f,0.9807852804032303f,0.2319405435103806f,-1.2246467991473532e-16f,0.9807852804032303f,-0.19509032201612853f,-0.22200235421903503f,0f,0f,0f,1f],start_interpolation:0}
execute if entity @s[tag=aj.sully.bone.left_leg] run data modify entity @s {} merge value {transformation:[-1f,0f,1.2246467991473532e-16f,0.3062500000000001f,0f,1f,0f,0.6105433034347749f,-1.2246467991473532e-16f,0f,-1f,-0.24792291884101092f,0f,0f,0f,1f],start_interpolation:0}
execute if entity @s[tag=aj.sully.bone.right_leg_down] run data modify entity @s {} merge value {transformation:[-1f,3.697785493223493e-32f,1.2246467991473532e-16f,-0.24999999999999997f,0f,1f,-4.3021142204224816e-16f,0.4554589556819217f,-1.2246467991473532e-16f,-4.3021142204224816e-16f,-1f,0.115758980742771f,0f,0f,0f,1f],start_interpolation:0}
execute if entity @s[tag=aj.sully.bone.right_leg] run data modify entity @s {} merge value {transformation:[-1f,1.1507915602278503e-16f,4.1885387376769936e-17f,-0.24999999999999994f,0f,0.3420201433256688f,-0.9396926207859084f,0.6105433034347749f,-1.2246467991473532e-16f,-0.9396926207859084f,-0.3420201433256688f,-0.24792291884101103f,0f,0f,0f,1f],start_interpolation:0}
execute if entity @s[tag=aj.sully.bone.left_arm] run data modify entity @s {} merge value {transformation:[-1f,1.1596549521023696e-16f,3.9364981230315397e-17f,0.6875f,0f,0.3214394653031619f,-0.9469301294951056f,1.0936249700492033f,-1.2246467991473532e-16f,-0.9469301294951056f,-0.3214394653031619f,0.48430884322686496f,0f,0f,0f,1f],start_interpolation:0}
execute if entity @s[tag=aj.sully.bone.right_arm] run data modify entity @s {} merge value {transformation:[-1f,1.146154197506396e-16f,4.313818936862405e-17f,-0.8125f,0f,0.3522500479212336f,-0.9359059267573255f,1.0936249700492033f,-1.2246467991473532e-16f,-0.9359059267573255f,-0.3522500479212336f,0.48430884322686474f,0f,0f,0f,1f],start_interpolation:0}
execute if entity @s[tag=aj.sully.bone.torso] run data modify entity @s {} merge value {transformation:[-1f,-9.71577628780522e-17f,7.455177354798984e-17f,-7.485234513007167e-18f,0f,0.6087614290087207f,0.7933533402912352f,0.9264610123942925f,-1.2246467991473532e-16f,0.7933533402912352f,-0.6087614290087207f,0.061121578223359396f,0f,0f,0f,1f],start_interpolation:0}