execute if entity @s[tag=aj.sully.bone.jaw] run data modify entity @s {} merge value {transformation:[-1f,-2.6506208041798655e-17f,1.195617780139768e-16f,-0.125f,0f,0.9762960071199334f,0.21643961393810288f,1.8222737500000004f,-1.2246467991473532e-16f,0.21643961393810288f,-0.9762960071199334f,0.12494062499999999f,0f,0f,0f,1f],start_interpolation:0}
execute if entity @s[tag=aj.sully.bone.h_head] run data modify entity @s {} merge value {transformation:[-1f,0f,1.2246467991473532e-16f,-2.296212748401287e-17f,0f,1f,0f,1.8250000000000002f,-1.2246467991473532e-16f,0f,-1f,0.1875f,0f,0f,0f,1f],start_interpolation:0}
execute if entity @s[tag=aj.sully.bone.left_leg_down] run data modify entity @s {} merge value {transformation:[-1f,-9.85380732156769e-17f,7.271757664801872e-17f,0.3125f,0f,0.5937840747115619f,0.8046244295439545f,0.35086708053949167f,-1.2246467991473532e-16f,0.8046244295439545f,-0.5937840747115619f,-0.04883451400841782f,0f,0f,0f,1f],start_interpolation:0}
execute if entity @s[tag=aj.sully.bone.left_leg] run data modify entity @s {} merge value {transformation:[-1f,0f,1.2246467991473532e-16f,0.30625f,0f,1f,0f,0.7625000000000002f,-1.2246467991473532e-16f,0f,-1f,4.163336342344337e-17f,0f,0f,0f,1f],start_interpolation:0}
execute if entity @s[tag=aj.sully.bone.right_leg_down] run data modify entity @s {} merge value {transformation:[-1f,4.16714858759445e-18f,1.2239376086740487e-16f,-0.25000000000000006f,0f,0.9994209020316727f,-0.03402735050216747f,0.4188284235540484f,-1.2246467991473532e-16f,-0.03402735050216747f,-0.9994209020316727f,0.2728431627488769f,0f,0f,0f,1f],start_interpolation:0}
execute if entity @s[tag=aj.sully.bone.right_leg] run data modify entity @s {} merge value {transformation:[-1f,9.100899318238089e-17f,8.194486552889037e-17f,-0.25f,0f,0.6691306063588586f,-0.7431448254773939f,0.7625000000000002f,-1.2246467991473532e-16f,-0.7431448254773939f,-0.6691306063588586f,-2.7755575615628914e-17f,0f,0f,0f,1f],start_interpolation:0}
execute if entity @s[tag=aj.sully.bone.left_arm] run data modify entity @s {} merge value {transformation:[-1f,0f,1.2246467991473532e-16f,0.6875f,0f,1f,0f,1.6375000000000002f,-1.2246467991473532e-16f,0f,-1f,0.06250000000000008f,0f,0f,0f,1f],start_interpolation:0}
execute if entity @s[tag=aj.sully.bone.right_arm] run data modify entity @s {} merge value {transformation:[-1f,-5.341834311772723e-18f,1.223481206754078e-16f,-0.8125f,0f,0.9990482215818578f,0.043619387365336f,1.6375000000000002f,-1.2246467991473532e-16f,0.043619387365336f,-0.9990482215818578f,0.0624999999999999f,0f,0f,0f,1f],start_interpolation:0}
execute if entity @s[tag=aj.sully.bone.torso] run data modify entity @s {} merge value {transformation:[-1f,0f,1.2246467991473532e-16f,7.654042494670958e-18f,0f,1f,0f,1.2000000000000002f,-1.2246467991473532e-16f,0f,-1f,-0.0625f,0f,0f,0f,1f],start_interpolation:0}