execute if entity @s[tag=aj.sully.bone.jaw] run data modify entity @s {} merge value {transformation:[-1f,-7.284478218549391e-17f,9.84440731327515e-17f,-0.12500000000000006f,0f,0.8038568606172172f,0.5948227867513416f,1.4443506095317602f,-1.2246467991473532e-16f,0.5948227867513416f,-0.8038568606172172f,0.41808255697744257f,0f,0f,0f,1f],start_interpolation:0}
execute if entity @s[tag=aj.sully.bone.h_head] run data modify entity @s {} merge value {transformation:[-1f,-4.981087280387186e-17f,1.118770520577615e-16f,-5.833510186373418e-17f,0f,0.9135454576426008f,0.40673664307580054f,1.421395972655238f,-1.2246467991473532e-16f,0.40673664307580054f,-0.9135454576426008f,0.476342255614838f,0f,0f,0f,1f],start_interpolation:0}
execute if entity @s[tag=aj.sully.bone.left_leg_down] run data modify entity @s {} merge value {transformation:[-1f,-1.224571526276419e-16f,1.3577912022795983e-18f,0.3125f,0f,0.011087206558045515f,0.9999385350363986f,0.15200551980601204f,-1.2246467991473532e-16f,0.9999385350363986f,-0.011087206558045515f,-0.06668405219082124f,0f,0f,0f,1f],start_interpolation:0}
execute if entity @s[tag=aj.sully.bone.left_leg] run data modify entity @s {} merge value {transformation:[-1f,0f,1.2246467991473532e-16f,0.30625f,0f,1f,0f,0.5270170444866873f,-1.2246467991473532e-16f,0f,-1f,-0.12710520096118771f,0f,0f,0f,1f],start_interpolation:0}
execute if entity @s[tag=aj.sully.bone.right_leg_down] run data modify entity @s {} merge value {transformation:[-1f,4.167148587594406e-18f,1.2239376086740484e-16f,-0.25000000000000006f,0f,0.9994209020316728f,-0.03402735050216714f,0.46739044781899486f,-1.2246467991473532e-16f,-0.03402735050216714f,-0.9994209020316728f,0.2516806647158977f,0f,0f,0f,1f],start_interpolation:0}
execute if entity @s[tag=aj.sully.bone.right_leg] run data modify entity @s {} merge value {transformation:[-1f,1.2060416625018976e-16f,2.1265768495757744e-17f,-0.24999999999999997f,0f,0.17364817766693055f,-0.9848077530122079f,0.5270170444866873f,-1.2246467991473532e-16f,-0.9848077530122079f,-0.17364817766693055f,-0.12710520096118777f,0f,0f,0f,1f],start_interpolation:0}
execute if entity @s[tag=aj.sully.bone.left_arm] run data modify entity @s {} merge value {transformation:[-1f,2.858881176219242e-17f,1.1908097106021811e-16f,0.6875f,0f,0.9723699203976766f,-0.23344536385590575f,1.3009482797317256f,-1.2246467991473532e-16f,-0.23344536385590575f,-0.9723699203976766f,0.2858859528328003f,0f,0f,0f,1f],start_interpolation:0}
execute if entity @s[tag=aj.sully.bone.right_arm] run data modify entity @s {} merge value {transformation:[-1f,1.8101432222373305e-17f,1.2111951113721273e-16f,-0.8125f,0f,0.9890158633619168f,-0.14780941112961082f,1.3009482797317256f,-1.2246467991473532e-16f,-0.14780941112961082f,-0.9890158633619168f,0.28588595283280016f,0f,0f,0f,1f],start_interpolation:0}
execute if entity @s[tag=aj.sully.bone.torso] run data modify entity @s {} merge value {transformation:[-1f,-4.981087280387186e-17f,1.118770520577615e-16f,7.659566531261147e-19f,0f,0.9135454576426008f,0.40673664307580054f,0.9521142223975627f,-1.2246467991473532e-16f,0.40673664307580054f,-0.9135454576426008f,-0.006254510718187556f,0f,0f,0f,1f],start_interpolation:0}