execute if entity @s[tag=aj.sully.bone.jaw] run data modify entity @s {} merge value {transformation:[-1f,-2.6506208041798655e-17f,1.195617780139768e-16f,-0.125f,0f,0.9762960071199334f,0.21643961393810288f,1.7222737500000003f,-1.2246467991473532e-16f,0.21643961393810288f,-0.9762960071199334f,0.12494062499999999f,0f,0f,0f,1f],start_interpolation:0}
execute if entity @s[tag=aj.sully.bone.h_head] run data modify entity @s {} merge value {transformation:[-1f,0f,1.2246467991473532e-16f,-2.296212748401287e-17f,0f,1f,0f,1.725f,-1.2246467991473532e-16f,0f,-1f,0.1875f,0f,0f,0f,1f],start_interpolation:0}
execute if entity @s[tag=aj.sully.bone.left_leg_down] run data modify entity @s {} merge value {transformation:[-1f,-1.160899527788816e-16f,3.8996418943482697e-17f,0.3125f,0f,0.318429925841749f,0.9479464026665316f,0.2777399504999748f,-1.2246467991473532e-16f,0.9479464026665316f,-0.318429925841749f,0.002794388904672103f,0f,0f,0f,1f],start_interpolation:0}
execute if entity @s[tag=aj.sully.bone.left_leg] run data modify entity @s {} merge value {transformation:[-1f,0f,1.2246467991473532e-16f,0.30625f,0f,1f,0f,0.6625000000000001f,-1.2246467991473532e-16f,0f,-1f,4.163336342344337e-17f,0f,0f,0f,1f],start_interpolation:0}
execute if entity @s[tag=aj.sully.bone.right_leg_down] run data modify entity @s {} merge value {transformation:[-1f,5.5553638212250256e-18f,1.2233861107366066e-16f,-0.25000000000000006f,0f,0.9989705697907147f,-0.04536298812925389f,0.4537940641200014f,-1.2246467991473532e-16f,-0.04536298812925389f,-0.9989705697907147f,0.34636471022100546f,0f,0f,0f,1f],start_interpolation:0}
execute if entity @s[tag=aj.sully.bone.right_leg] run data modify entity @s {} merge value {transformation:[-1f,1.1007052518929729e-16f,5.368498217537983e-17f,-0.25f,0f,0.4383711467890775f,-0.898794046299167f,0.6625000000000001f,-1.2246467991473532e-16f,-0.898794046299167f,-0.4383711467890775f,-2.7755575615628914e-17f,0f,0f,0f,1f],start_interpolation:0}
execute if entity @s[tag=aj.sully.bone.left_arm] run data modify entity @s {} merge value {transformation:[-1f,0f,1.2246467991473532e-16f,0.6875f,0f,1f,0f,1.5375f,-1.2246467991473532e-16f,0f,-1f,0.06250000000000008f,0f,0f,0f,1f],start_interpolation:0}
execute if entity @s[tag=aj.sully.bone.right_arm] run data modify entity @s {} merge value {transformation:[-1f,-5.341834311772723e-18f,1.223481206754078e-16f,-0.8125f,0f,0.9990482215818578f,0.043619387365336f,1.5375f,-1.2246467991473532e-16f,0.043619387365336f,-0.9990482215818578f,0.0624999999999999f,0f,0f,0f,1f],start_interpolation:0}
execute if entity @s[tag=aj.sully.bone.torso] run data modify entity @s {} merge value {transformation:[-1f,0f,1.2246467991473532e-16f,7.654042494670958e-18f,0f,1f,0f,1.1f,-1.2246467991473532e-16f,0f,-1f,-0.0625f,0f,0f,0f,1f],start_interpolation:0}