execute if entity @s[tag=aj.sully.bone.jaw] run data modify entity @s {} merge value {transformation:[-1f,-8.27359385291814e-17f,9.029043306084036e-17f,-0.12500000000000006f,0f,0.7372773368101241f,0.6755902076156601f,1.6315627385812619f,-1.2246467991473532e-16f,0.6755902076156601f,-0.7372773368101241f,0.4818386302147052f,0f,0f,0f,1f],start_interpolation:0}
execute if entity @s[tag=aj.sully.bone.h_head] run data modify entity @s {} merge value {transformation:[-1f,-6.123233995736765e-17f,1.0605752387249069e-16f,-6.581004069411775e-17f,0f,0.8660254037844387f,0.49999999999999994f,1.602644052838329f,-1.2246467991473532e-16f,0.49999999999999994f,-0.8660254037844387f,0.5373797632095823f,0f,0f,0f,1f],start_interpolation:0}
execute if entity @s[tag=aj.sully.bone.left_leg_down] run data modify entity @s {} merge value {transformation:[-1f,-8.659560562354934e-17f,8.659560562354932e-17f,0.3125f,0f,0.7071067811865475f,0.7071067811865476f,0.3463245827898404f,-1.2246467991473532e-16f,0.7071067811865476f,-0.7071067811865475f,-0.2263325214724775f,0f,0f,0f,1f],start_interpolation:0}
execute if entity @s[tag=aj.sully.bone.left_leg] run data modify entity @s {} merge value {transformation:[-1f,0f,1.2246467991473532e-16f,0.30625f,0f,1f,0f,0.7762420613173627f,-1.2246467991473532e-16f,0f,-1f,-0.15624999999999986f,0f,0f,0f,1f],start_interpolation:0}
execute if entity @s[tag=aj.sully.bone.right_leg_down] run data modify entity @s {} merge value {transformation:[-1f,6.162975822039155e-33f,1.224646799147353e-16f,-0.24999999999999997f,0f,0.9999999999999999f,4.163336342344337e-17f,0.37325320093769443f,-1.2246467991473532e-16f,4.163336342344337e-17f,-0.9999999999999999f,0.06609726003637639f,0f,0f,0f,1f],start_interpolation:0}
execute if entity @s[tag=aj.sully.bone.right_leg] run data modify entity @s {} merge value {transformation:[-1f,7.871877887341985e-17f,9.381338752702731e-17f,-0.24999999999999997f,0f,0.7660444431189781f,-0.6427876096865393f,0.7762420613173627f,-1.2246467991473532e-16f,-0.6427876096865393f,-0.7660444431189781f,-0.15624999999999992f,0f,0f,0f,1f],start_interpolation:0}
execute if entity @s[tag=aj.sully.bone.left_arm] run data modify entity @s {} merge value {transformation:[-1f,6.123233995736766e-17f,-1.0605752387249068e-16f,0.6875f,0f,-0.8660254037844386f,-0.5f,1.5027642896287468f,-1.2246467991473532e-16f,-0.5f,0.8660254037844386f,0.33537658773652756f,0f,0f,0f,1f],start_interpolation:0}
execute if entity @s[tag=aj.sully.bone.right_arm] run data modify entity @s {} merge value {transformation:[-1f,6.123233995736766e-17f,-1.0605752387249068e-16f,-0.8125f,0f,-0.8660254037844386f,-0.5f,1.5027642896287468f,-1.2246467991473532e-16f,-0.5f,0.8660254037844386f,0.33537658773652734f,0f,0f,0f,1f],start_interpolation:0}
execute if entity @s[tag=aj.sully.bone.torso] run data modify entity @s {} merge value {transformation:[-1f,-6.123233995736765e-17f,1.0605752387249069e-16f,-1.0254472526402832e-18f,0f,0.8660254037844387f,0.49999999999999994f,1.1863781754730547f,-1.2246467991473532e-16f,0.49999999999999994f,-0.8660254037844387f,0.008373412263472657f,0f,0f,0f,1f],start_interpolation:0}