execute if entity @s[tag=aj.sully.bone.jaw] run data modify entity @s {} merge value {transformation:[-1f,-1.123074684721576e-16f,4.8832677092228974e-17f,-0.12500000000000008f,0f,0.3987490689252459f,0.9170600743851242f,1.0725324007624648f,-1.2246467991473532e-16f,0.9170600743851242f,-0.3987490689252459f,0.6779954199875003f,0f,0f,0f,1f],start_interpolation:0}
execute if entity @s[tag=aj.sully.bone.h_head] run data modify entity @s {} merge value {transformation:[-1f,-9.907600726170918e-17f,7.198293278059964e-17f,-8.780380534264432e-17f,0f,0.5877852522924729f,0.8090169943749476f,1.0235232527740519f,-1.2246467991473532e-16f,0.8090169943749476f,-0.5877852522924729f,0.7169724805860493f,0f,0f,0f,1f],start_interpolation:0}
execute if entity @s[tag=aj.sully.bone.left_leg_down] run data modify entity @s {} merge value {transformation:[-1f,-1.2245920373297332e-16f,1.1581224912385478e-18f,0.31250000000000006f,0f,0.009456787802367916f,0.9999552835824516f,0.17568372433031196f,-1.2246467991473532e-16f,0.9999552835824516f,-0.009456787802367916f,-0.192090958455115f,0f,0f,0f,1f],start_interpolation:0}
execute if entity @s[tag=aj.sully.bone.left_leg] run data modify entity @s {} merge value {transformation:[-1f,-1.232595164407831e-32f,1.2246467991473532e-16f,0.3062500000000001f,0f,1f,0f,0.5506921086586023f,-1.2246467991473532e-16f,0f,-1f,-0.252817810742171f,0f,0f,0f,1f],start_interpolation:0}
execute if entity @s[tag=aj.sully.bone.right_leg_down] run data modify entity @s {} merge value {transformation:[-1f,6.946551364947553e-19f,1.2246270975631695e-16f,-0.24999999999999997f,0f,0.9999839124356529f,-0.005672289651011186f,0.4902540663273362f,-1.2246467991473532e-16f,-0.005672289651011186f,-0.9999839124356529f,0.1260723634121527f,0f,0f,0f,1f],start_interpolation:0}
execute if entity @s[tag=aj.sully.bone.right_leg] run data modify entity @s {} merge value {transformation:[-1f,1.206041662501898e-16f,2.1265768495757664e-17f,-0.24999999999999994f,0f,0.17364817766692991f,-0.9848077530122082f,0.5506921086586023f,-1.2246467991473532e-16f,-0.9848077530122082f,-0.17364817766692991f,-0.25281781074217113f,0f,0f,0f,1f],start_interpolation:0}
execute if entity @s[tag=aj.sully.bone.left_arm] run data modify entity @s {} merge value {transformation:[-1f,6.759278623934516e-17f,1.0212156028489169e-16f,0.6875f,0f,0.8338858220671683f,-0.5519369853120581f,1.0144406422660817f,-1.2246467991473532e-16f,-0.5519369853120581f,-0.8338858220671683f,0.49180863760418775f,0f,0f,0f,1f],start_interpolation:0}
execute if entity @s[tag=aj.sully.bone.right_arm] run data modify entity @s {} merge value {transformation:[-1f,5.843509484370488e-17f,1.0762405640573949e-16f,-0.8125f,0f,0.8788171126619654f,-0.4771587602596084f,1.0144406422660817f,-1.2246467991473532e-16f,-0.4771587602596084f,-0.8788171126619654f,0.4918086376041875f,0f,0f,0f,1f],start_interpolation:0}
execute if entity @s[tag=aj.sully.bone.torso] run data modify entity @s {} merge value {transformation:[-1f,-9.907600726170918e-17f,7.198293278059964e-17f,-7.88556760892616e-18f,0f,0.5877852522924729f,0.8090169943749476f,0.8584117186849933f,-1.2246467991473532e-16f,0.8090169943749476f,-0.5877852522924729f,0.06439054602858896f,0f,0f,0f,1f],start_interpolation:0}