execute if entity @s[tag=aj.sully.bone.jaw] run data modify entity @s {} merge value {transformation:[-1f,-5.654789612090136e-17f,1.0862749776607361e-16f,-0.12500000000000003f,0f,0.8870108331782217f,0.461748613235034f,1.9004115011758687f,-1.2246467991473532e-16f,0.461748613235034f,-0.8870108331782217f,0.3140920548453776f,0f,0f,0f,1f],start_interpolation:0}
execute if entity @s[tag=aj.sully.bone.h_head] run data modify entity @s {} merge value {transformation:[-1f,-3.169619151431766e-17f,1.1829179713786698e-16f,-4.595185559908831e-17f,0f,0.9659258262890683f,0.25881904510252085f,1.8868532987600786f,-1.2246467991473532e-16f,0.25881904510252085f,-0.9659258262890683f,0.375225376256091f,0f,0f,0f,1f],start_interpolation:0}
execute if entity @s[tag=aj.sully.bone.left_leg_down] run data modify entity @s {} merge value {transformation:[-1f,-4.6865204053263e-17f,1.1314261122877003e-16f,0.3125f,0f,0.923879532511287f,0.38268343236509f,0.4183388228531207f,-1.2246467991473532e-16f,0.38268343236509f,-0.923879532511287f,-0.19160836394040398f,0f,0f,0f,1f],start_interpolation:0}
execute if entity @s[tag=aj.sully.bone.left_leg] run data modify entity @s {} merge value {transformation:[-1f,0f,1.2246467991473532e-16f,0.30625f,0f,1.0000000000000002f,0f,0.9090856792846664f,-1.2246467991473532e-16f,0f,-1.0000000000000002f,-0.0808809515945377f,0f,0f,0f,1f],start_interpolation:0}
execute if entity @s[tag=aj.sully.bone.right_leg_down] run data modify entity @s {} merge value {transformation:[-1f,6.162975822039155e-33f,1.2246467991473532e-16f,-0.25000000000000006f,0f,1f,-1.1796119636642288e-16f,0.3957500110213643f,-1.2246467991473532e-16f,-1.1796119636642288e-16f,-1f,-0.017163442326548317f,0f,0f,0f,1f],start_interpolation:0}
execute if entity @s[tag=aj.sully.bone.right_leg] run data modify entity @s {} merge value {transformation:[-1f,4.188538737676993e-17f,1.1507915602278503e-16f,-0.25f,0f,0.9396926207859083f,-0.3420201433256689f,0.9090856792846664f,-1.2246467991473532e-16f,-0.3420201433256689f,-0.9396926207859083f,-0.08088095159453779f,0f,0f,0f,1f],start_interpolation:0}
execute if entity @s[tag=aj.sully.bone.left_arm] run data modify entity @s {} merge value {transformation:[-1f,3.1696191514317674e-17f,-1.1829179713786698e-16f,0.6875f,0f,-0.9659258262890683f,-0.25881904510252096f,1.7380945869686937f,-1.2246467991473532e-16f,-0.25881904510252096f,0.9659258262890683f,0.20595607701323487f,0f,0f,0f,1f],start_interpolation:0}
execute if entity @s[tag=aj.sully.bone.right_arm] run data modify entity @s {} merge value {transformation:[-1f,3.1696191514317674e-17f,-1.1829179713786698e-16f,-0.8125f,0f,-0.9659258262890683f,-0.25881904510252096f,1.7380945869686937f,-1.2246467991473532e-16f,-0.25881904510252096f,0.9659258262890683f,0.20595607701323468f,0f,0f,0f,1f],start_interpolation:0}
execute if entity @s[tag=aj.sully.bone.torso] run data modify entity @s {} merge value {transformation:[-1f,-3.169619151431766e-17f,1.1829179713786698e-16f,3.431213381826972e-18f,0f,0.9659258262890683f,0.25881904510252085f,1.3478544186050414f,-1.2246467991473532e-16f,0.25881904510252085f,-0.9659258262890683f,-0.028017983505251642f,0f,0f,0f,1f],start_interpolation:0}