execute if entity @s[tag=aj.sully.bone.jaw] run data modify entity @s {} merge value {transformation:[-1f,-6.215552316443137e-17f,1.0551913933867361e-16f,-0.12500000000000003f,0f,0.8616291604415258f,0.507538362960704f,1.5002157929809883f,-1.2246467991473532e-16f,0.507538362960704f,-0.8616291604415258f,0.3497458837565349f,0f,0f,0f,1f],start_interpolation:0}
execute if entity @s[tag=aj.sully.bone.h_head] run data modify entity @s {} merge value {transformation:[-1f,-3.7843667304341475e-17f,1.1647083184890926e-16f,-5.0221031449926595e-17f,0f,0.9510565162951536f,0.30901699437494723f,1.4834767007760625f,-1.2246467991473532e-16f,0.30901699437494723f,-0.9510565162951536f,0.41008584258655173f,0f,0f,0f,1f],start_interpolation:0}
execute if entity @s[tag=aj.sully.bone.left_leg_down] run data modify entity @s {} merge value {transformation:[-1f,-1.224567033394316e-16f,1.3977245283041287e-18f,0.3125f,0f,0.01141328691078336f,0.999934866319748f,0.15590762609271724f,-1.2246467991473532e-16f,0.999934866319748f,-0.01141328691078336f,-0.03620780203794282f,0f,0f,0f,1f],start_interpolation:0}
execute if entity @s[tag=aj.sully.bone.left_leg] run data modify entity @s {} merge value {transformation:[-1f,6.162975822039155e-33f,1.2246467991473532e-16f,0.30625f,0f,1f,0f,0.5309198386577645f,-1.2246467991473532e-16f,0f,-1f,-0.09656781074217094f,0f,0f,0f,1f],start_interpolation:0}
execute if entity @s[tag=aj.sully.bone.right_leg_down] run data modify entity @s {} merge value {transformation:[-1f,4.861334411439903e-18f,1.2236815457609355e-16f,-0.25000000000000006f,0f,0.9992118107954965f,-0.03969580792457508f,0.47145558530599113f,-1.2246467991473532e-16f,-0.03969580792457508f,-0.9992118107954965f,0.28219761816686595f,0f,0f,0f,1f],start_interpolation:0}
execute if entity @s[tag=aj.sully.bone.right_leg] run data modify entity @s {} merge value {transformation:[-1f,1.2060416625018979e-16f,2.1265768495757716e-17f,-0.24999999999999997f,0f,0.1736481776669304f,-0.9848077530122081f,0.5309198386577645f,-1.2246467991473532e-16f,-0.9848077530122081f,-0.1736481776669304f,-0.096567810742171f,0f,0f,0f,1f],start_interpolation:0}
execute if entity @s[tag=aj.sully.bone.left_arm] run data modify entity @s {} merge value {transformation:[-1f,2.152883515236194e-17f,1.2055748456068998e-16f,0.6875f,0f,0.9844265680898916f,-0.17579627993435448f,1.3437807282675895f,-1.2246467991473532e-16f,-0.17579627993435448f,-0.9844265680898916f,0.233263091604355f,0f,0f,0f,1f],start_interpolation:0}
execute if entity @s[tag=aj.sully.bone.right_arm] run data modify entity @s {} merge value {transformation:[-1f,1.2269498896600713e-17f,1.2184850111283639e-16f,-0.8125f,0f,0.9949685182509117f,-0.10018806161207633f,1.3437807282675895f,-1.2246467991473532e-16f,-0.10018806161207633f,-0.9949685182509117f,0.23326309160435482f,0f,0f,0f,1f],start_interpolation:0}
execute if entity @s[tag=aj.sully.bone.torso] run data modify entity @s {} merge value {transformation:[-1f,-3.7843667304341475e-17f,1.1647083184890926e-16f,2.5489685775141397e-18f,0f,0.9510565162951536f,0.30901699437494723f,0.9663206266853284f,-1.2246467991473532e-16f,0.30901699437494723f,-0.9510565162951536f,-0.02081390797157867f,0f,0f,0f,1f],start_interpolation:0}