execute if entity @s[tag=aj.sully.bone.jaw] run data modify entity @s {} merge value {transformation:[-1f,-1.21998664834562e-16f,1.0673500138322986e-17f,-0.12500000000000008f,0f,0.0871557427476583f,0.9961946980917454f,0.9902143739702343f,-1.2246467991473532e-16f,0.9961946980917454f,-0.0871557427476583f,0.7218570151254892f,0f,0f,0f,1f],start_interpolation:0}
execute if entity @s[tag=aj.sully.bone.h_head] run data modify entity @s {} merge value {transformation:[-1f,-1.16796641102639e-16f,3.6825839484795395e-17f,-9.102420664637446e-17f,0f,0.30070579950427323f,0.9537169507482268f,0.9313702367904179f,-1.2246467991473532e-16f,0.9537169507482268f,-0.30070579950427323f,0.743269052838329f,0f,0f,0f,1f],start_interpolation:0}
execute if entity @s[tag=aj.sully.bone.left_leg_down] run data modify entity @s {} merge value {transformation:[-1f,-1.2246465386849331e-16f,7.987170150377516e-20f,0.31250000000000006f,0f,0.0006522019374025634f,0.9999997873162938f,0.1874999601218051f,-1.2246467991473532e-16f,0.9999997873162938f,-0.0006522019374025634f,-0.20825522654589992f,0f,0f,0f,1f],start_interpolation:0}
execute if entity @s[tag=aj.sully.bone.left_arm] run data modify entity @s {} merge value {transformation:[-1f,6.123233995736765e-17f,1.0605752387249069e-16f,0.6875f,0f,0.8660254037844387f,-0.49999999999999994f,0.9458734122634727f,-1.2246467991473532e-16f,-0.49999999999999994f,-0.8660254037844387f,0.518389289628747f,0f,0f,0f,1f],start_interpolation:0}
execute if entity @s[tag=aj.sully.bone.right_arm] run data modify entity @s {} merge value {transformation:[-1f,5.654789612090138e-17f,1.086274977660736e-16f,-0.8125f,0f,0.8870108331782216f,-0.46174861323503413f,0.9458734122634727f,-1.2246467991473532e-16f,-0.46174861323503413f,-0.8870108331782216f,0.5183892896287468f,0f,0f,0f,1f],start_interpolation:0}