execute if entity @s[tag=aj.sully.bone.jaw] run data modify entity @s {} merge value {transformation:[-1f,-3.885861318210463e-17f,1.1613615289039906e-16f,-0.12500000000000003f,0f,0.9483236552061994f,0.31730465640509176f,1.5894952546780072f,-1.2246467991473532e-16f,0.31730465640509176f,-0.9483236552061994f,0.20236756391125307f,0f,0f,0f,1f],start_interpolation:0}
execute if entity @s[tag=aj.sully.bone.h_head] run data modify entity @s {} merge value {transformation:[-1f,-1.2801044796052305e-17f,1.217938055844715e-16f,-3.243712214412763e-17f,0f,0.9945218953682734f,0.1045284632676531f,1.58566733466352f,-1.2246467991473532e-16f,0.1045284632676531f,-0.9945218953682734f,0.2648692028322911f,0f,0f,0f,1f],start_interpolation:0}
execute if entity @s[tag=aj.sully.bone.left_leg_down] run data modify entity @s {} merge value {transformation:[-1f,-1.2245576569624074e-16f,1.4775907301968345e-18f,0.3125f,0f,0.012065443940453613f,0.9999272098820591f,0.17357325955030067f,-1.2246467991473532e-16f,0.9999272098820591f,-0.012065443940453613f,0.027572584490023394f,0f,0f,0f,1f],start_interpolation:0}
execute if entity @s[tag=aj.sully.bone.left_leg] run data modify entity @s {} merge value {transformation:[-1f,0f,1.2246467991473532e-16f,0.30625f,0f,1f,0f,0.5485869076974146f,-1.2246467991473532e-16f,0f,-1f,-0.032665144771141554f,0f,0f,0f,1f],start_interpolation:0}
execute if entity @s[tag=aj.sully.bone.right_leg_down] run data modify entity @s {} merge value {transformation:[-1f,6.249214486464183e-18f,1.223051313106721e-16f,-0.25000000000000006f,0f,0.9986971867792876f,-0.0510287087739512f,0.48944739417171396f,-1.2246467991473532e-16f,-0.0510287087739512f,-0.9986971867792876f,0.346059835654352f,0f,0f,0f,1f],start_interpolation:0}
execute if entity @s[tag=aj.sully.bone.right_leg] run data modify entity @s {} merge value {transformation:[-1f,1.2060416625018979e-16f,2.126576849575775e-17f,-0.25f,0f,0.17364817766693064f,-0.984807753012208f,0.5485869076974146f,-1.2246467991473532e-16f,-0.984807753012208f,-0.17364817766693064f,-0.032665144771141616f,0f,0f,0f,1f],start_interpolation:0}
execute if entity @s[tag=aj.sully.bone.left_arm] run data modify entity @s {} merge value {transformation:[-1f,7.209594125466076e-18f,1.222522784211592e-16f,0.6875f,0f,0.9982656101847159f,-0.05887080365118888f,1.4122605371904255f,-1.2246467991473532e-16f,-0.05887080365118888f,-0.9982656101847159f,0.12095487904857204f,0f,0f,0f,1f],start_interpolation:0}
execute if entity @s[tag=aj.sully.bone.right_arm] run data modify entity @s {} merge value {transformation:[-1f,5.343512749254658e-19f,1.2246351413924703e-16f,-0.8125f,0f,0.9999904807207345f,-0.004363309284746444f,1.4122605371904255f,-1.2246467991473532e-16f,-0.004363309284746444f,-0.9999904807207345f,0.12095487904857187f,0f,0f,0f,1f],start_interpolation:0}
execute if entity @s[tag=aj.sully.bone.torso] run data modify entity @s {} merge value {transformation:[-1f,-1.2801044796052305e-17f,1.217938055844715e-16f,6.01198224952293e-18f,0f,0.9945218953682734f,0.1045284632676531f,0.9902232658752625f,-1.2246467991473532e-16f,0.1045284632676531f,-0.9945218953682734f,-0.049091560552060445f,0f,0f,0f,1f],start_interpolation:0}