execute if entity @s[tag=aj.sully.bone.jaw] run data modify entity @s {} merge value {transformation:[-1f,-1.1916362861823317e-16f,2.824229879373092e-17f,-0.12500000000000008f,0f,0.23061587074244017f,0.9730448705798238f,0.9864897898652185f,-1.2246467991473532e-16f,0.9730448705798238f,-0.23061587074244017f,0.7135547009475783f,0f,0f,0f,1f],start_interpolation:0}
execute if entity @s[tag=aj.sully.bone.h_head] run data modify entity @s {} merge value {transformation:[-1f,-1.10226222566264e-16f,5.336457331780146e-17f,-9.102420664637446e-17f,0f,0.4357548099170794f,0.9000654118641211f,0.9313702367904179f,-1.2246467991473532e-16f,0.9000654118641211f,-0.4357548099170794f,0.743269052838329f,0f,0f,0f,1f],start_interpolation:0}
execute if entity @s[tag=aj.sully.bone.left_leg_down] run data modify entity @s {} merge value {transformation:[-1f,-1.2246467991473532e-16f,2.719262146893782e-32f,0.31250000000000006f,0f,2.220446049250313e-16f,1f,0.1875f,-1.2246467991473532e-16f,1f,-2.220446049250313e-16f,-0.208132938682637f,0f,0f,0f,1f],start_interpolation:0}
execute if entity @s[tag=aj.sully.bone.left_leg] run data modify entity @s {} merge value {transformation:[-1f,0f,1.2246467991473532e-16f,0.3062500000000001f,0f,1f,0f,0.5625f,-1.2246467991473532e-16f,0f,-1f,-0.27063293868263694f,0f,0f,0f,1f],start_interpolation:0}
execute if entity @s[tag=aj.sully.bone.right_leg_down] run data modify entity @s {} merge value {transformation:[-1f,-1.8488927466117464e-32f,1.224646799147353e-16f,-0.24999999999999997f,0f,0.9999999999999999f,1.1102230246251565e-16f,0.5018997235843549f,-1.2246467991473532e-16f,1.1102230246251565e-16f,-0.9999999999999999f,0.10827852198332355f,0f,0f,0f,1f],start_interpolation:0}
execute if entity @s[tag=aj.sully.bone.right_leg] run data modify entity @s {} merge value {transformation:[-1f,1.2060416625018974e-16f,2.1265768495757744e-17f,-0.24999999999999994f,0f,0.17364817766693053f,-0.9848077530122079f,0.5625f,-1.2246467991473532e-16f,-0.9848077530122079f,-0.17364817766693053f,-0.27063293868263705f,0f,0f,0f,1f],start_interpolation:0}
execute if entity @s[tag=aj.sully.bone.left_arm] run data modify entity @s {} merge value {transformation:[-1f,8.659560562354934e-17f,8.659560562354932e-17f,0.6875f,0f,0.7071067811865475f,-0.7071067811865477f,0.9458734122634727f,-1.2246467991473532e-16f,-0.7071067811865477f,-0.7071067811865475f,0.518389289628747f,0f,0f,0f,1f],start_interpolation:0}
execute if entity @s[tag=aj.sully.bone.right_arm] run data modify entity @s {} merge value {transformation:[-1f,8.27359385291814e-17f,9.029043306084034e-17f,-0.8125f,0f,0.737277336810124f,-0.6755902076156601f,0.9458734122634727f,-1.2246467991473532e-16f,-0.6755902076156601f,-0.737277336810124f,0.5183892896287468f,0f,0f,0f,1f],start_interpolation:0}
execute if entity @s[tag=aj.sully.bone.torso] run data modify entity @s {} merge value {transformation:[-1f,-1.0605752387249068e-16f,6.123233995736767e-17f,-9.430169236725878e-18f,0f,0.5000000000000001f,0.8660254037844386f,0.8353765877365275f,-1.2246467991473532e-16f,0.8660254037844386f,-0.5000000000000001f,0.07700317547305491f,0f,0f,0f,1f],start_interpolation:0}