execute if entity @s[tag=aj.sully.bone.jaw] run data modify entity @s {} merge value {transformation:[-1f,-7.02428546843654e-17f,1.0031719290535249e-16f,-0.12500000000000006f,0f,0.8191520442889919f,0.5735764363510459f,1.7714844655911168f,-1.2246467991473532e-16f,0.5735764363510459f,-0.8191520442889919f,0.4013993697829999f,0f,0f,0f,1f],start_interpolation:0}
execute if entity @s[tag=aj.sully.bone.h_head] run data modify entity @s {} merge value {transformation:[-1f,-4.686520405326296e-17f,1.1314261122877005e-16f,-5.63631426453416e-17f,0f,0.9238795325112868f,0.3826834323650896f,1.7500627558150108f,-1.2246467991473532e-16f,0.3826834323650896f,-0.9238795325112868f,0.46023998661968346f,0f,0f,0f,1f],start_interpolation:0}
execute if entity @s[tag=aj.sully.bone.left_leg_down] run data modify entity @s {} merge value {transformation:[-1f,-6.80377307569005e-17f,1.0182565992946029e-16f,0.3125f,0f,0.8314696123025453f,0.5555702330196022f,0.3818633147813983f,-1.2246467991473532e-16f,0.5555702330196022f,-0.8314696123025453f,-0.21298912492081773f,0f,0f,0f,1f],start_interpolation:0}
execute if entity @s[tag=aj.sully.bone.left_leg] run data modify entity @s {} merge value {transformation:[-1f,0f,1.2246467991473532e-16f,0.30625f,0f,1f,0f,0.8401938960902229f,-1.2246467991473532e-16f,0f,-1f,-0.11958857261409048f,0f,0f,0f,1f],start_interpolation:0}
execute if entity @s[tag=aj.sully.bone.right_leg_down] run data modify entity @s {} merge value {transformation:[-1f,2.619264724366641e-32f,1.2246467991473532e-16f,-0.24999999999999997f,0f,1f,-3.7470027081099033e-16f,0.3751044175250852f,-1.2246467991473532e-16f,-3.7470027081099033e-16f,-1f,0.028513867083967165f,0f,0f,0f,1f],start_interpolation:0}
execute if entity @s[tag=aj.sully.bone.right_leg] run data modify entity @s {} merge value {transformation:[-1f,6.123233995736767e-17f,1.0605752387249069e-16f,-0.24999999999999997f,0f,0.8660254037844386f,-0.5000000000000002f,0.8401938960902229f,-1.2246467991473532e-16f,-0.5000000000000002f,-0.8660254037844386f,-0.11958857261409053f,0f,0f,0f,1f],start_interpolation:0}
execute if entity @s[tag=aj.sully.bone.left_arm] run data modify entity @s {} merge value {transformation:[-1f,4.6865204053262974e-17f,-1.1314261122877005e-16f,0.6875f,0f,-0.9238795325112868f,-0.3826834323650897f,1.6246707725147806f,-1.2246467991473532e-16f,-0.3826834323650897f,0.9238795325112868f,0.2730019014873184f,0f,0f,0f,1f],start_interpolation:0}
execute if entity @s[tag=aj.sully.bone.right_arm] run data modify entity @s {} merge value {transformation:[-1f,4.6865204053262974e-17f,-1.1314261122877005e-16f,-0.8125f,0f,-0.9238795325112868f,-0.3826834323650897f,1.6246707725147806f,-1.2246467991473532e-16f,-0.3826834323650897f,0.9238795325112868f,0.27300190148731823f,0f,0f,0f,1f],start_interpolation:0}
execute if entity @s[tag=aj.sully.bone.torso] run data modify entity @s {} merge value {transformation:[-1f,-4.686520405326296e-17f,1.1314261122877005e-16f,1.2132626951402665e-18f,0f,0.9238795325112868f,0.3826834323650896f,1.268308906086729f,-1.2246467991473532e-16f,0.3826834323650896f,-0.9238795325112868f,-0.009907041736319233f,0f,0f,0f,1f],start_interpolation:0}