execute if entity @s[tag=aj.sully.bone.jaw] run data modify entity @s {} merge value {transformation:[-1f,-1.2090069734042724e-16f,1.9509464606108163e-17f,-0.12500000000000008f,0f,0.15930686806752284f,0.987229113117374f,0.9885030888047341f,-1.2246467991473532e-16f,0.987229113117374f,-0.15930686806752284f,0.7176381133283662f,0f,0f,0f,1f],start_interpolation:0}
execute if entity @s[tag=aj.sully.bone.h_head] run data modify entity @s {} merge value {transformation:[-1f,-1.1381224708398953e-16f,4.5214712653200554e-17f,-9.102420664637446e-17f,0f,0.3692061473126847f,0.9293475242268224f,0.9313702367904179f,-1.2246467991473532e-16f,0.9293475242268224f,-0.3692061473126847f,0.743269052838329f,0f,0f,0f,1f],start_interpolation:0}
execute if entity @s[tag=aj.sully.bone.left_leg_down] run data modify entity @s {} merge value {transformation:[-1f,-1.2246467340317463e-16f,3.9935852875339e-20f,0.31250000000000006f,0f,0.00032610098604057836f,0.999999946829072f,0.187499990030451f,-1.2246467991473532e-16f,0.999999946829072f,-0.00032610098604057836f,-0.20819408261751954f,0f,0f,0f,1f],start_interpolation:0}
execute if entity @s[tag=aj.sully.bone.left_arm] run data modify entity @s {} merge value {transformation:[-1f,7.455177354798988e-17f,9.715776287805218e-17f,0.6875f,0f,0.7933533402912349f,-0.6087614290087209f,0.9458734122634727f,-1.2246467991473532e-16f,-0.6087614290087209f,-0.7933533402912349f,0.518389289628747f,0f,0f,0f,1f],start_interpolation:0}
execute if entity @s[tag=aj.sully.bone.right_arm] run data modify entity @s {} merge value {transformation:[-1f,7.024285468436545e-17f,1.0031719290535244e-16f,-0.8125f,0f,0.8191520442889916f,-0.5735764363510463f,0.9458734122634727f,-1.2246467991473532e-16f,-0.5735764363510463f,-0.8191520442889916f,0.5183892896287468f,0f,0f,0f,1f],start_interpolation:0}