execute if entity @s[tag=aj.sully.bone.jaw] run data modify entity @s {} merge value {transformation:[-1f,-2.6506208041798655e-17f,1.195617780139768e-16f,-0.125f,0f,0.9762960071199334f,0.21643961393810288f,1.8722737500000002f,-1.2246467991473532e-16f,0.21643961393810288f,-0.9762960071199334f,0.12494062499999999f,0f,0f,0f,1f],start_interpolation:0}
execute if entity @s[tag=aj.sully.bone.h_head] run data modify entity @s {} merge value {transformation:[-1f,0f,1.2246467991473532e-16f,-2.296212748401287e-17f,0f,1f,0f,1.875f,-1.2246467991473532e-16f,0f,-1f,0.1875f,0f,0f,0f,1f],start_interpolation:0}
execute if entity @s[tag=aj.sully.bone.left_leg_down] run data modify entity @s {} merge value {transformation:[-1f,-8.605740753990585e-17f,8.713047936359085e-17f,0.3125f,0f,0.711474356722726f,0.7027120603248411f,0.3817585113109077f,-1.2246467991473532e-16f,0.7027120603248411f,-0.711474356722726f,-0.07090144188551108f,0f,0f,0f,1f],start_interpolation:0}
execute if entity @s[tag=aj.sully.bone.left_leg] run data modify entity @s {} merge value {transformation:[-1f,0f,1.2246467991473532e-16f,0.30625f,0f,1f,0f,0.8125f,-1.2246467991473532e-16f,0f,-1f,4.163336342344337e-17f,0f,0f,0f,1f],start_interpolation:0}
execute if entity @s[tag=aj.sully.bone.right_leg_down] run data modify entity @s {} merge value {transformation:[-1f,3.472828685206914e-18f,1.2241542912370886e-16f,-0.25000000000000006f,0f,0.9995978367717063f,-0.028357798245378443f,0.4103276251881979f,-1.2246467991473532e-16f,-0.028357798245378443f,-0.9995978367717063f,0.22229553343951444f,0f,0f,0f,1f],start_interpolation:0}
execute if entity @s[tag=aj.sully.bone.right_leg] run data modify entity @s {} merge value {transformation:[-1f,7.871877887341986e-17f,9.381338752702732e-17f,-0.25f,0f,0.7660444431189781f,-0.6427876096865394f,0.8125f,-1.2246467991473532e-16f,-0.6427876096865394f,-0.7660444431189781f,-2.7755575615628914e-17f,0f,0f,0f,1f],start_interpolation:0}
execute if entity @s[tag=aj.sully.bone.left_arm] run data modify entity @s {} merge value {transformation:[-1f,0f,1.2246467991473532e-16f,0.6875f,0f,1f,0f,1.6875f,-1.2246467991473532e-16f,0f,-1f,0.06250000000000008f,0f,0f,0f,1f],start_interpolation:0}
execute if entity @s[tag=aj.sully.bone.right_arm] run data modify entity @s {} merge value {transformation:[-1f,-5.341834311772723e-18f,1.223481206754078e-16f,-0.8125f,0f,0.9990482215818578f,0.043619387365336f,1.6875f,-1.2246467991473532e-16f,0.043619387365336f,-0.9990482215818578f,0.0624999999999999f,0f,0f,0f,1f],start_interpolation:0}
execute if entity @s[tag=aj.sully.bone.torso] run data modify entity @s {} merge value {transformation:[-1f,0f,1.2246467991473532e-16f,7.654042494670958e-18f,0f,1f,0f,1.25f,-1.2246467991473532e-16f,0f,-1f,-0.0625f,0f,0f,0f,1f],start_interpolation:0}