execute if entity @s[tag=aj.sully.bone.jaw] run data modify entity @s {} merge value {transformation:[-1f,-1.2011155542966555e-16f,2.3891673840167805e-17f,-0.12500000000000008f,0f,0.19509032201612844f,0.9807852804032304f,0.9875335626912287f,-1.2246467991473532e-16f,0.9807852804032304f,-0.19509032201612844f,0.7155781037174983f,0f,0f,0f,1f],start_interpolation:0}
execute if entity @s[tag=aj.sully.bone.h_head] run data modify entity @s {} merge value {transformation:[-1f,-1.1209332731264603e-16f,4.932224446026945e-17f,-9.102420664637446e-17f,0f,0.4027466898587374f,0.9153114791194471f,0.9313702367904179f,-1.2246467991473532e-16f,0.9153114791194471f,-0.4027466898587374f,0.743269052838329f,0f,0f,0f,1f],start_interpolation:0}
execute if entity @s[tag=aj.sully.bone.left_leg_down] run data modify entity @s {} merge value {transformation:[-1f,-1.224646213106934e-16f,1.1980754163851445e-19f,0.31250000000000006f,0f,0.00097830281940825f,0.9999995214616821f,0.1874999102740654f,-1.2246467991473532e-16f,0.9999995214616821f,-0.00097830281940825f,-0.208316370461276f,0f,0f,0f,1f],start_interpolation:0}
execute if entity @s[tag=aj.sully.bone.left_arm] run data modify entity @s {} merge value {transformation:[-1f,6.729544110971456e-17f,1.0231774739734801e-16f,0.6875f,0f,0.8354878114129365f,-0.5495089780708059f,0.9458734122634727f,-1.2246467991473532e-16f,-0.5495089780708059f,-0.8354878114129365f,0.518389289628747f,0f,0f,0f,1f],start_interpolation:0}
execute if entity @s[tag=aj.sully.bone.right_arm] run data modify entity @s {} merge value {transformation:[-1f,6.276835330315345e-17f,1.051557494872681e-16f,-0.8125f,0f,0.8586618571206133f,-0.5125425007998651f,0.9458734122634727f,-1.2246467991473532e-16f,-0.5125425007998651f,-0.8586618571206133f,0.5183892896287468f,0f,0f,0f,1f],start_interpolation:0}