execute if entity @s[tag=aj.sully.bone.jaw] run data modify entity @s {} merge value {transformation:[-1f,-1.16796641102639e-16f,3.6825839484795395e-17f,-0.12500000000000008f,0f,0.30070579950427323f,0.9537169507482268f,0.9841851197852951f,-1.2246467991473532e-16f,0.9537169507482268f,-0.30070579950427323f,0.7096283635812618f,0f,0f,0f,1f],start_interpolation:0}
execute if entity @s[tag=aj.sully.bone.h_head] run data modify entity @s {} merge value {transformation:[-1f,-1.0605752387249068e-16f,6.123233995736767e-17f,-9.102420664637446e-17f,0f,0.5000000000000001f,0.8660254037844386f,0.9313702367904179f,-1.2246467991473532e-16f,0.8660254037844386f,-0.5000000000000001f,0.743269052838329f,0f,0f,0f,1f],start_interpolation:0}
execute if entity @s[tag=aj.sully.bone.left_leg_down] run data modify entity @s {} merge value {transformation:[-1f,-1.224645757297784e-16f,1.5974336903268117e-19f,0.31250000000000006f,0f,0.0013044035973792667f,0.9999991492652657f,0.1874998404872373f,-1.2246467991473532e-16f,0.9999991492652657f,-0.0013044035973792667f,-0.20837751435714555f,0f,0f,0f,1f],start_interpolation:0}
execute if entity @s[tag=aj.sully.bone.left_arm] run data modify entity @s {} merge value {transformation:[-1f,7.313083579121582e-17f,9.823176005293199e-17f,0.6875f,0f,0.8021231927550438f,-0.5971585917027862f,0.9458734122634727f,-1.2246467991473532e-16f,-0.5971585917027862f,-0.8021231927550438f,0.518389289628747f,0f,0f,0f,1f],start_interpolation:0}
execute if entity @s[tag=aj.sully.bone.right_arm] run data modify entity @s {} merge value {transformation:[-1f,6.877642224668149e-17f,1.0132818743846528e-16f,-0.8125f,0f,0.8274074411415105f,-0.5616021067834931f,0.9458734122634727f,-1.2246467991473532e-16f,-0.5616021067834931f,-0.8274074411415105f,0.5183892896287468f,0f,0f,0f,1f],start_interpolation:0}