execute if entity @s[tag=aj.sully.bone.jaw] run data modify entity @s {} merge value {transformation:[-1f,-2.6506208041798655e-17f,1.195617780139768e-16f,-0.125f,0f,0.9762960071199334f,0.21643961393810288f,1.6222737500000002f,-1.2246467991473532e-16f,0.21643961393810288f,-0.9762960071199334f,0.12494062499999999f,0f,0f,0f,1f],start_interpolation:0}
execute if entity @s[tag=aj.sully.bone.h_head] run data modify entity @s {} merge value {transformation:[-1f,0f,1.2246467991473532e-16f,-2.296212748401287e-17f,0f,1f,0f,1.625f,-1.2246467991473532e-16f,0f,-1f,0.1875f,0f,0f,0f,1f],start_interpolation:0}
execute if entity @s[tag=aj.sully.bone.left_leg_down] run data modify entity @s {} merge value {transformation:[-1f,-1.2245527734135998e-16f,1.5175235975717742e-18f,0.3125f,0f,0.012391520548033386f,0.9999232221618356f,0.18748560415534418f,-1.2246467991473532e-16f,0.9999232221618356f,-0.012391520548033386f,0.06017658989724378f,0f,0f,0f,1f],start_interpolation:0}
execute if entity @s[tag=aj.sully.bone.left_leg] run data modify entity @s {} merge value {transformation:[-1f,0f,1.2246467991473532e-16f,0.30625f,0f,1f,0f,0.5625f,-1.2246467991473532e-16f,0f,-1f,4.163336342344337e-17f,0f,0f,0f,1f],start_interpolation:0}
execute if entity @s[tag=aj.sully.bone.right_leg_down] run data modify entity @s {} merge value {transformation:[-1f,6.942864082423093e-18f,1.2226771636434357e-16f,-0.25000000000000006f,0f,0.9983916705573487f,-0.05669278756337737f,0.5035228827371494f,-1.2246467991473532e-16f,-0.05669278756337737f,-0.9983916705573487f,0.3787049687408022f,0f,0f,0f,1f],start_interpolation:0}
execute if entity @s[tag=aj.sully.bone.right_leg] run data modify entity @s {} merge value {transformation:[-1f,1.2060416625018976e-16f,2.1265768495757738e-17f,-0.25f,0f,0.17364817766693053f,-0.9848077530122079f,0.5625f,-1.2246467991473532e-16f,-0.9848077530122079f,-0.17364817766693053f,-2.7755575615628914e-17f,0f,0f,0f,1f],start_interpolation:0}
execute if entity @s[tag=aj.sully.bone.left_arm] run data modify entity @s {} merge value {transformation:[-1f,0f,1.2246467991473532e-16f,0.6875f,0f,1f,0f,1.4375f,-1.2246467991473532e-16f,0f,-1f,0.06250000000000008f,0f,0f,0f,1f],start_interpolation:0}
execute if entity @s[tag=aj.sully.bone.right_arm] run data modify entity @s {} merge value {transformation:[-1f,-5.341834311772723e-18f,1.223481206754078e-16f,-0.8125f,0f,0.9990482215818578f,0.043619387365336f,1.4375f,-1.2246467991473532e-16f,0.043619387365336f,-0.9990482215818578f,0.0624999999999999f,0f,0f,0f,1f],start_interpolation:0}
execute if entity @s[tag=aj.sully.bone.torso] run data modify entity @s {} merge value {transformation:[-1f,0f,1.2246467991473532e-16f,7.654042494670958e-18f,0f,1f,0f,1f,-1.2246467991473532e-16f,0f,-1f,-0.0625f,0f,0f,0f,1f],start_interpolation:0}