execute if entity @s[tag=aj.sandra.bone.icecube] run data modify entity @s {} merge value {transformation:[-0.8830222215594891f,-0.21147064964679252f,-0.4189891652180376f,0.32571691560292454f,-0.3213938048432695f,0.9230309781076309f,0.2114706496467925f,0.44231056386827305f,0.3420201433256685f,0.3213938048432695f,-0.8830222215594891f,-0.020087112802704307f,0f,0f,0f,1f],start_interpolation:0}
execute if entity @s[tag=aj.sandra.bone.left_arm] run data modify entity @s {} merge value {transformation:[-0.9998476951563913f,0.01744974835125049f,-0.0003045864904520125f,0.3125f,0.01745240643728351f,0.9996954135095478f,-0.017449748351250488f,1.375f,-1.2241892289650118e-16f,-0.017452406437283508f,-0.9998476951563913f,2.7755575615628914e-17f,0f,0f,0f,1f],start_interpolation:0}
execute if entity @s[tag=aj.sandra.bone.bodywear] run data modify entity @s {} merge value {transformation:[-1f,0f,1.2246467991473532e-16f,-2.2962127484012853e-18f,0f,1f,0f,0f,-1.2246467991473532e-16f,0f,-1f,0.01874999999999999f,0f,0f,0f,1f],start_interpolation:0}
execute if entity @s[tag=aj.sandra.bone.torso] run data modify entity @s {} merge value {transformation:[-1f,0f,1.2246467991473532e-16f,-2.2962127484012853e-18f,0f,1f,0f,1.5f,-1.2246467991473532e-16f,0f,-1f,0.01874999999999999f,0f,0f,0f,1f],start_interpolation:0}
execute if entity @s[tag=aj.sandra.bone.headwear] run data modify entity @s {} merge value {transformation:[-1f,4.273955692857142e-18f,1.2239007774061617e-16f,0f,0f,0.9993908270190958f,-0.03489949670250097f,1.5f,-1.2246467991473532e-16f,-0.03489949670250097f,-0.9993908270190958f,0f,0f,0f,0f,1f],start_interpolation:0}
execute if entity @s[tag=aj.sandra.bone.head] run data modify entity @s {} merge value {transformation:[-1f,4.273955692857142e-18f,1.2239007774061617e-16f,0f,0f,0.9993908270190958f,-0.03489949670250097f,1.5f,-1.2246467991473532e-16f,-0.03489949670250097f,-0.9993908270190958f,0f,0f,0f,0f,1f],start_interpolation:0}