execute if entity @s[tag=aj.sandra.bone.icecube] run data modify entity @s {} merge value {transformation:[-0.9010615963775219f,-0.2046627440458961f,-0.38236260373262937f,0.36589213637762946f,-0.29857929585139303f,0.9321821524189842f,0.20466274404589613f,0.4465937308509957f,0.31454475615161354f,0.2985792958513931f,-0.9010615963775219f,-0.017106105491486015f,0f,0f,0f,1f],start_interpolation:0}
execute if entity @s[tag=aj.sandra.bone.left_arm] run data modify entity @s {} merge value {transformation:[-0.9999830768577442f,0.005816845286329654f,-0.00010153341215015804f,0.3125f,0.0058177313549938325f,0.999830774591612f,-0.01745211108772667f,1.375f,-1.2246260742753582e-16f,-0.017452406437283515f,-0.9998476951563913f,2.7755575615628914e-17f,0f,0f,0f,1f],start_interpolation:0}
execute if entity @s[tag=aj.sandra.bone.bodywear] run data modify entity @s {} merge value {transformation:[-1f,0f,1.2246467991473532e-16f,-2.2005372172178997e-18f,0f,1f,0f,0f,-1.2246467991473532e-16f,0f,-1f,0.017968750000000006f,0f,0f,0f,1f],start_interpolation:0}
execute if entity @s[tag=aj.sandra.bone.torso] run data modify entity @s {} merge value {transformation:[-1f,0f,1.2246467991473532e-16f,-2.2005372172178997e-18f,0f,1f,0f,1.5f,-1.2246467991473532e-16f,0f,-1f,0.017968750000000006f,0f,0f,0f,1f],start_interpolation:0}
execute if entity @s[tag=aj.sandra.bone.headwear] run data modify entity @s {} merge value {transformation:[-1f,4.0069320048725284e-18f,1.223991107914061e-16f,0f,0f,0.9994645874763657f,-0.03271908282177613f,1.5f,-1.2246467991473532e-16f,-0.03271908282177613f,-0.9994645874763657f,0f,0f,0f,0f,1f],start_interpolation:0}
execute if entity @s[tag=aj.sandra.bone.head] run data modify entity @s {} merge value {transformation:[-1f,4.0069320048725284e-18f,1.223991107914061e-16f,0f,0f,0.9994645874763657f,-0.03271908282177613f,1.5f,-1.2246467991473532e-16f,-0.03271908282177613f,-0.9994645874763657f,0f,0f,0f,0f,1f],start_interpolation:0}