execute if entity @s[tag=aj.sully.bone.jaw] run data modify entity @s {} merge value {transformation:[-1f,1.1165864682507311e-16f,5.029855282025687e-17f,-0.12499999999999992f,0f,0.4107188526134775f,-0.9117620435770885f,1.0525395618182174f,-1.2246467991473532e-16f,-0.9117620435770885f,-0.4107188526134775f,-0.7243014180191407f,0f,0f,0f,1f],start_interpolation:0}
execute if entity @s[tag=aj.sully.bone.h_head] run data modify entity @s {} merge value {transformation:[-1f,1.1561755969341834e-16f,4.037545934298982e-17f,8.649068018978179e-17f,0f,0.3296906452627875f,-0.9440890203927841f,1.1124999999999998f,-1.2246467991473532e-16f,-0.9440890203927841f,-0.3296906452627875f,-0.7062499999999997f,0f,0f,0f,1f],start_interpolation:0}
execute if entity @s[tag=aj.sully.bone.left_leg_down] run data modify entity @s {} merge value {transformation:[-1f,1.2187497900794394e-16f,1.2003637716617361e-17f,0.3125f,0f,0.09801714032956083f,-0.9951847266721969f,0.0020182223135848942f,-1.2246467991473532e-16f,-0.9951847266721969f,-0.09801714032956083f,0.16641319494131807f,0f,0f,0f,1f],start_interpolation:0}
execute if entity @s[tag=aj.sully.bone.left_leg] run data modify entity @s {} merge value {transformation:[-1f,1.2187497900794394e-16f,1.2003637716617361e-17f,0.3062500000000001f,0f,0.09801714032956083f,-0.9951847266721969f,0.2437499999999998f,-1.2246467991473532e-16f,-0.9951847266721969f,-0.09801714032956083f,-0.37499999999999994f,0f,0f,0f,1f],start_interpolation:0}
execute if entity @s[tag=aj.sully.bone.right_leg_down] run data modify entity @s {} merge value {transformation:[-1f,1.220871621770789e-16f,9.608468044710137e-18f,-0.25f,0f,0.07845909572784517f,-0.996917333733128f,0.012694758578125381f,-1.2246467991473532e-16f,-0.996917333733128f,-0.07845909572784517f,0.17105491977591344f,0f,0f,0f,1f],start_interpolation:0}
execute if entity @s[tag=aj.sully.bone.right_leg] run data modify entity @s {} merge value {transformation:[-1f,1.220871621770789e-16f,9.608468044710137e-18f,-0.24999999999999994f,0f,0.07845909572784517f,-0.996917333733128f,0.2437499999999998f,-1.2246467991473532e-16f,-0.996917333733128f,-0.07845909572784517f,-0.37500000000000006f,0f,0f,0f,1f],start_interpolation:0}
execute if entity @s[tag=aj.sully.bone.left_arm] run data modify entity @s {} merge value {transformation:[-1f,1.044183048100712e-16f,6.398761948384733e-17f,0.6875000000000001f,0f,0.5224985647159491f,-0.8526401643540921f,0.9249999999999999f,-1.2246467991473532e-16f,-0.8526401643540921f,-0.5224985647159491f,-0.6874999999999998f,0f,0f,0f,1f],start_interpolation:0}
execute if entity @s[tag=aj.sully.bone.right_arm] run data modify entity @s {} merge value {transformation:[-1f,9.907600726170915e-17f,7.198293278059968e-17f,-0.8124999999999999f,0f,0.5877852522924732f,-0.8090169943749473f,0.8062499999999999f,-1.2246467991473532e-16f,-0.8090169943749473f,-0.5877852522924732f,-0.74375f,0f,0f,0f,1f],start_interpolation:0}
execute if entity @s[tag=aj.sully.bone.torso] run data modify entity @s {} merge value {transformation:[-1f,7.581714233937817e-17f,9.617358657193277e-17f,5.817072295949926e-17f,0f,0.7853169308807451f,-0.6190939493098337f,0.5249999999999999f,-1.2246467991473532e-16f,-0.6190939493098337f,-0.7853169308807451f,-0.4749999999999999f,0f,0f,0f,1f],start_interpolation:0}