execute if entity @s[tag=aj.sully.bone.jaw] run data modify entity @s {} merge value {transformation:[-1f,1.2246260742753582e-16f,-7.124666082192131e-19f,-0.12499999999999986f,0f,-0.0058177313549936105f,-0.9999830768577441f,0.6762485502318094f,-1.2246467991473532e-16f,-0.9999830768577441f,0.0058177313549936105f,-1.0994858638109188f,0f,0f,0f,1f],start_interpolation:0}
execute if entity @s[tag=aj.sully.bone.h_head] run data modify entity @s {} merge value {transformation:[-1f,1.2078515049676923e-16f,-2.0212502222421253e-17f,1.3624195640514302e-16f,0f,-0.16504760586067743f,-0.9862856015372314f,0.7375f,-1.2246467991473532e-16f,-0.9862856015372314f,0.16504760586067743f,-1.1124999999999998f,0f,0f,0f,1f],start_interpolation:0}
execute if entity @s[tag=aj.sully.bone.left_leg_down] run data modify entity @s {} merge value {transformation:[-1f,1.223481206754078e-16f,5.34183431177275e-18f,0.3125f,0f,0.04361938736533622f,-0.9990482215818578f,0.0006425530603998697f,-1.2246467991473532e-16f,-0.9990482215818578f,-0.04361938736533622f,0.1787859895087945f,0f,0f,0f,1f],start_interpolation:0}
execute if entity @s[tag=aj.sully.bone.left_leg] run data modify entity @s {} merge value {transformation:[-1f,1.223481206754078e-16f,5.34183431177275e-18f,0.3062500000000001f,0f,0.04361938736533622f,-0.9990482215818578f,0.2124999999999998f,-1.2246467991473532e-16f,-0.9990482215818578f,-0.04361938736533622f,-0.37499999999999994f,0f,0f,0f,1f],start_interpolation:0}
execute if entity @s[tag=aj.sully.bone.right_leg_down] run data modify entity @s {} merge value {transformation:[-1f,1.2239007774061617e-16f,4.273955692857169e-18f,-0.25f,0f,0.03489949670250119f,-0.9993908270190958f,0.005483253038762431f,-1.2246467991473532e-16f,-0.9993908270190958f,-0.03489949670250119f,0.18061368456652233f,0f,0f,0f,1f],start_interpolation:0}
execute if entity @s[tag=aj.sully.bone.right_leg] run data modify entity @s {} merge value {transformation:[-1f,1.2239007774061617e-16f,4.273955692857169e-18f,-0.24999999999999994f,0f,0.03489949670250119f,-0.9993908270190958f,0.2124999999999998f,-1.2246467991473532e-16f,-0.9993908270190958f,-0.03489949670250119f,-0.37500000000000006f,0f,0f,0f,1f],start_interpolation:0}
execute if entity @s[tag=aj.sully.bone.left_arm] run data modify entity @s {} merge value {transformation:[-1f,1.1882695554102554e-16f,2.9626887508979345e-17f,0.6875000000000001f,0f,0.2419218955996679f,-0.9702957262759965f,0.55f,-1.2246467991473532e-16f,-0.9702957262759965f,-0.2419218955996679f,-0.9999999999999998f,0f,0f,0f,1f],start_interpolation:0}
execute if entity @s[tag=aj.sully.bone.right_arm] run data modify entity @s {} merge value {transformation:[-1f,1.1772060590738186e-16f,3.3755840552672834e-17f,-0.8124999999999999f,0f,0.2756373558169994f,-0.9612616959383188f,0.46249999999999997f,-1.2246467991473532e-16f,-0.9612616959383188f,-0.2756373558169994f,-1.0250000000000001f,0f,0f,0f,1f],start_interpolation:0}
execute if entity @s[tag=aj.sully.bone.torso] run data modify entity @s {} merge value {transformation:[-1f,1.1272933223801343e-16f,4.7850762583162255e-17f,8.113285044351212e-17f,0f,0.390731128489274f,-0.9205048534524402f,0.3374999999999999f,-1.2246467991473532e-16f,-0.9205048534524402f,-0.390731128489274f,-0.6625f,0f,0f,0f,1f],start_interpolation:0}