execute if entity @s[tag=aj.sully.bone.jaw] run data modify entity @s {} merge value {transformation:[-1f,0f,1.2246467991473535e-16f,-0.125f,0f,1f,0f,1.8731789942500972f,-1.2246467991473532e-16f,0f,-1f,0.015495837103093615f,0f,0f,0f,1f],start_interpolation:0}
execute if entity @s[tag=aj.sully.bone.h_head] run data modify entity @s {} merge value {transformation:[-1f,0f,1.2246467991473535e-16f,-9.559006565882138e-18f,0f,1f,0f,1.875905244250097f,-1.2246467991473532e-16f,0f,-1f,0.07805521210309363f,0f,0f,0f,1f],start_interpolation:0}
execute if entity @s[tag=aj.sully.bone.left_leg_down] run data modify entity @s {} merge value {transformation:[-1f,1.6779172568450545e-17f,1.2130975721077316e-16f,0.3125f,0f,0.9905693404435774f,-0.13701234168196788f,0.37057477285370033f,-1.2246467991473532e-16f,-0.13701234168196788f,-0.9905693404435774f,-0.05029859665851838f,0f,0f,0f,1f],start_interpolation:0}
execute if entity @s[tag=aj.sully.bone.left_leg] run data modify entity @s {} merge value {transformation:[-1f,3.860515112542154e-17f,1.1622065278254954e-16f,0.30625f,0f,0.9490136491882141f,-0.31523498164776936f,0.9189458495895771f,-1.2246467991473532e-16f,-0.31523498164776936f,-0.9490136491882141f,-0.0392892917987577f,0f,0f,0f,1f],start_interpolation:0}
execute if entity @s[tag=aj.sully.bone.right_leg_down] run data modify entity @s {} merge value {transformation:[-1f,1.2801044796052329e-17f,1.217938055844715e-16f,-0.24999999999999997f,0f,0.9945218953682733f,-0.1045284632676533f,0.38271108011616817f,-1.2246467991473532e-16f,-0.1045284632676533f,-0.9945218953682733f,-0.0018226983450317369f,0f,0f,0f,1f],start_interpolation:0}
execute if entity @s[tag=aj.sully.bone.right_leg] run data modify entity @s {} merge value {transformation:[-1f,3.784366730434146e-17f,1.1647083184890926e-16f,-0.24999999999999997f,0f,0.9510565162951536f,-0.3090169943749471f,0.9189458495895771f,-1.2246467991473532e-16f,-0.3090169943749471f,-0.9510565162951536f,-0.039289291798757786f,0f,0f,0f,1f],start_interpolation:0}
execute if entity @s[tag=aj.sully.bone.left_arm] run data modify entity @s {} merge value {transformation:[-1f,-2.9920788770844738e-18f,1.2242812295633663e-16f,0.6875f,0f,0.9997014897811832f,0.02443217815265325f,1.721289572002063f,-1.2246467991473532e-16f,0.02443217815265325f,-0.9997014897811832f,-0.0037353559368001055f,0f,0f,0f,1f],start_interpolation:0}
execute if entity @s[tag=aj.sully.bone.right_arm] run data modify entity @s {} merge value {transformation:[-1f,-4.380759543316671e-18f,1.2238630140845918e-16f,-0.8125f,0f,0.9993599909269292f,0.03577161632534967f,1.7260284394334928f,-1.2246467991473532e-16f,0.03577161632534967f,-0.9993599909269292f,-0.02415584223040579f,0f,0f,0f,1f],start_interpolation:0}
execute if entity @s[tag=aj.sully.bone.torso] run data modify entity @s {} merge value {transformation:[-1f,0f,1.2246467991473535e-16f,1.1409410799767084e-17f,0f,1f,0f,1.317377535655294f,-1.2246467991473532e-16f,0f,-1f,-0.09316490932496428f,0f,0f,0f,1f],start_interpolation:0}