execute if entity @s[tag=aj.sully.bone.jaw] run data modify entity @s {} merge value {transformation:[-1f,0f,1.2246467991473532e-16f,-0.12499999999999997f,0f,1f,0f,1.2222737500000003f,-1.2246467991473532e-16f,0f,-1f,-0.1875593749999998f,0f,0f,0f,1f],start_interpolation:0}
execute if entity @s[tag=aj.sully.bone.h_head] run data modify entity @s {} merge value {transformation:[-1f,0f,1.2246467991473532e-16f,1.5308084989341894e-17f,0f,1f,0f,1.225f,-1.2246467991473532e-16f,0f,-1f,-0.12499999999999978f,0f,0f,0f,1f],start_interpolation:0}
execute if entity @s[tag=aj.sully.bone.left_leg_down] run data modify entity @s {} merge value {transformation:[-1f,1.2060416625018976e-16f,2.126576849575774e-17f,0.3125f,0f,0.17364817766693055f,-0.984807753012208f,0.005171446372562533f,-1.2246467991473532e-16f,-0.984807753012208f,-0.17364817766693055f,0.14639532775681757f,0f,0f,0f,1f],start_interpolation:0}
execute if entity @s[tag=aj.sully.bone.left_leg] run data modify entity @s {} merge value {transformation:[-1f,1.2060416625018976e-16f,2.126576849575774e-17f,0.3062500000000001f,0f,0.17364817766693055f,-0.984807753012208f,0.2875f,-1.2246467991473532e-16f,-0.984807753012208f,-0.17364817766693055f,-0.37499999999999994f,0f,0f,0f,1f],start_interpolation:0}
execute if entity @s[tag=aj.sully.bone.right_leg_down] run data modify entity @s {} merge value {transformation:[-1f,1.2127286206821952e-16f,1.7043789261815584e-17f,-0.25f,0f,0.13917310096006566f,-0.9902680687415704f,0.023539867820918603f,-1.2246467991473532e-16f,-0.9902680687415704f,-0.13917310096006566f,0.15593083223712106f,0f,0f,0f,1f],start_interpolation:0}
execute if entity @s[tag=aj.sully.bone.right_leg] run data modify entity @s {} merge value {transformation:[-1f,1.2127286206821952e-16f,1.7043789261815584e-17f,-0.24999999999999994f,0f,0.13917310096006566f,-0.9902680687415704f,0.2875f,-1.2246467991473532e-16f,-0.9902680687415704f,-0.13917310096006566f,-0.37500000000000006f,0f,0f,0f,1f],start_interpolation:0}
execute if entity @s[tag=aj.sully.bone.left_arm] run data modify entity @s {} merge value {transformation:[-1f,7.198293278059964e-17f,9.907600726170916e-17f,0.6875f,0f,0.8090169943749475f,-0.5877852522924729f,1.0375f,-1.2246467991473532e-16f,-0.5877852522924729f,-0.8090169943749475f,-0.28749999999999964f,0f,0f,0f,1f],start_interpolation:0}
execute if entity @s[tag=aj.sully.bone.right_arm] run data modify entity @s {} merge value {transformation:[-1f,8.352071086742828e-17f,8.956499697324857e-17f,-0.8124999999999999f,0f,0.7313537016191705f,-0.6819983600624985f,0.9125f,-1.2246467991473532e-16f,-0.6819983600624985f,-0.7313537016191705f,-0.375f,0f,0f,0f,1f],start_interpolation:0}
execute if entity @s[tag=aj.sully.bone.torso] run data modify entity @s {} merge value {transformation:[-1f,0f,1.2246467991473532e-16f,3.827021247335476e-17f,0f,1f,0f,0.6625f,-1.2246467991473532e-16f,0f,-1f,-0.3124999999999999f,0f,0f,0f,1f],start_interpolation:0}