execute if entity @s[tag=aj.sully.bone.jaw] run data modify entity @s {} merge value {transformation:[-1f,1.0693686325788181e-16f,5.96833737583899e-17f,-0.12499999999999992f,0f,0.48735173112724256f,-0.8732057547721956f,1.1296497882492835f,-1.2246467991473532e-16f,-0.8732057547721956f,-0.48735173112724256f,-0.6489679127136758f,0f,0f,0f,1f],start_interpolation:0}
execute if entity @s[tag=aj.sully.bone.h_head] run data modify entity @s {} merge value {transformation:[-1f,1.1099069304367543e-16f,5.175581015019661e-17f,7.654042494670955e-17f,0f,0.42261826174069966f,-0.9063077870366498f,1.1875f,-1.2246467991473532e-16f,-0.9063077870366498f,-0.42261826174069966f,-0.6249999999999998f,0f,0f,0f,1f],start_interpolation:0}
execute if entity @s[tag=aj.sully.bone.left_leg_down] run data modify entity @s {} merge value {transformation:[-1f,1.2173679127761025e-16f,1.3332346982063417e-17f,0.3125f,0f,0.10886687485196479f,-0.9940563382223196f,0.002376819479084774f,-1.2246467991473532e-16f,-0.9940563382223196f,-0.10886687485196479f,0.16374415121531138f,0f,0f,0f,1f],start_interpolation:0}
execute if entity @s[tag=aj.sully.bone.left_leg] run data modify entity @s {} merge value {transformation:[-1f,1.2173679127761025e-16f,1.3332346982063417e-17f,0.3062500000000001f,0f,0.10886687485196479f,-0.9940563382223196f,0.2499999999999999f,-1.2246467991473532e-16f,-0.9940563382223196f,-0.10886687485196479f,-0.37499999999999994f,0f,0f,0f,1f],start_interpolation:0}
execute if entity @s[tag=aj.sully.bone.right_leg_down] run data modify entity @s {} merge value {transformation:[-1f,1.2199866483456202e-16f,1.0673500138323001e-17f,-0.25f,0f,0.0871557427476584f,-0.9961946980917455f,0.014188388812239772f,-1.2246467991473532e-16f,-0.9961946980917455f,-0.0871557427476584f,0.16901781591142084f,0f,0f,0f,1f],start_interpolation:0}
execute if entity @s[tag=aj.sully.bone.right_leg] run data modify entity @s {} merge value {transformation:[-1f,1.2199866483456202e-16f,1.0673500138323001e-17f,-0.24999999999999994f,0f,0.0871557427476584f,-0.9961946980917455f,0.2499999999999999f,-1.2246467991473532e-16f,-0.9961946980917455f,-0.0871557427476584f,-0.37500000000000006f,0f,0f,0f,1f],start_interpolation:0}
execute if entity @s[tag=aj.sully.bone.left_arm] run data modify entity @s {} merge value {transformation:[-1f,1.0031719290535246e-16f,7.024285468436544e-17f,0.6875000000000001f,0f,0.5735764363510463f,-0.8191520442889917f,1f,-1.2246467991473532e-16f,-0.8191520442889917f,-0.5735764363510463f,-0.6249999999999998f,0f,0f,0f,1f],start_interpolation:0}
execute if entity @s[tag=aj.sully.bone.right_arm] run data modify entity @s {} merge value {transformation:[-1f,9.381338752702731e-17f,7.871877887341989e-17f,-0.8124999999999999f,0f,0.6427876096865396f,-0.766044443118978f,0.875f,-1.2246467991473532e-16f,-0.766044443118978f,-0.6427876096865396f,-0.6875f,0f,0f,0f,1f],start_interpolation:0}
execute if entity @s[tag=aj.sully.bone.torso] run data modify entity @s {} merge value {transformation:[-1f,6.58002245545064e-17f,1.0328566345430089e-16f,5.357829746269668e-17f,0f,0.8433914458128857f,-0.5372996083468236f,0.5624999999999999f,-1.2246467991473532e-16f,-0.5372996083468236f,-0.8433914458128857f,-0.43749999999999994f,0f,0f,0f,1f],start_interpolation:0}