execute if entity @s[tag=aj.sully.bone.jaw] run data modify entity @s {} merge value {transformation:[-1f,-1.232595164407831e-32f,1.2246467991473532e-16f,-0.12499999999999999f,0f,1f,0f,1.524766526348714f,-1.2246467991473532e-16f,0f,-1f,-0.0851306778522498f,0f,0f,0f,1f],start_interpolation:0}
execute if entity @s[tag=aj.sully.bone.h_head] run data modify entity @s {} merge value {transformation:[-1f,-1.232595164407831e-32f,1.2246467991473532e-16f,2.7641873790593204e-18f,0f,1f,0f,1.5274927763487138f,-1.2246467991473532e-16f,0f,-1f,-0.022571302852249786f,0f,0f,0f,1f],start_interpolation:0}
execute if entity @s[tag=aj.sully.bone.left_leg_down] run data modify entity @s {} merge value {transformation:[-1f,4.907757757217982e-17f,1.122006649100853e-16f,0.3125f,0f,0.9161879571171359f,-0.4007488331031409f,0.2985645637072315f,-1.2246467991473532e-16f,-0.4007488331031409f,-0.9161879571171359f,0.14035666753872478f,0f,0f,0f,1f],start_interpolation:0}
execute if entity @s[tag=aj.sully.bone.left_leg] run data modify entity @s {} merge value {transformation:[-1f,1.0047020018293884e-16f,7.002382952837393e-17f,0.30625f,0f,0.571787960227612f,-0.8204014435255137f,0.6691074093907039f,-1.2246467991473532e-16f,-0.8204014435255137f,-0.571787960227612f,-0.12780890267931844f,0f,0f,0f,1f],start_interpolation:0}
execute if entity @s[tag=aj.sully.bone.right_leg_down] run data modify entity @s {} merge value {transformation:[-1f,3.784366730434151e-17f,1.1647083184890923e-16f,-0.25000000000000006f,0f,0.9510565162951535f,-0.3090169943749475f,0.322409977712524f,-1.2246467991473532e-16f,-0.3090169943749475f,-0.9510565162951535f,0.15892817359872655f,0f,0f,0f,1f],start_interpolation:0}
execute if entity @s[tag=aj.sully.bone.right_leg] run data modify entity @s {} merge value {transformation:[-1f,9.907600726170917e-17f,7.198293278059964e-17f,-0.25f,0f,0.5877852522924729f,-0.8090169943749476f,0.6691074093907039f,-1.2246467991473532e-16f,-0.8090169943749476f,-0.5877852522924729f,-0.12780890267931855f,0f,0f,0f,1f],start_interpolation:0}
execute if entity @s[tag=aj.sully.bone.left_arm] run data modify entity @s {} merge value {transformation:[-1f,-8.969092368767717e-18f,1.2213579822762485e-16f,0.6875f,0f,0.9973144772244582f,0.07323819712763169f,1.450319884811727f,-1.2246467991473532e-16f,0.07323819712763169f,-0.9973144772244582f,-0.08405847986356174f,0f,0f,0f,1f],start_interpolation:0}
execute if entity @s[tag=aj.sully.bone.right_arm] run data modify entity @s {} merge value {transformation:[-1f,-1.3119856000752623e-17f,1.2175987518529283e-16f,-0.8125f,0f,0.9942448326331054f,0.1071317543138739f,1.435174849875655f,-1.2246467991473532e-16f,0.1071317543138739f,-0.9942448326331054f,-0.1450970417878501f,0f,0f,0f,1f],start_interpolation:0}
execute if entity @s[tag=aj.sully.bone.torso] run data modify entity @s {} merge value {transformation:[-1f,-1.232595164407831e-32f,1.2246467991473532e-16f,1.851106243195752e-17f,0f,1f,0f,1.076571835142228f,-1.2246467991473532e-16f,0f,-1f,-0.15115429562912053f,0f,0f,0f,1f],start_interpolation:0}