execute if entity @s[tag=aj.sully.bone.jaw] run data modify entity @s {} merge value {transformation:[-1f,1.223804621564684e-16f,4.540959038328672e-18f,-0.12499999999999988f,0f,0.0370797444740007f,-0.9993123098159766f,0.7131728930041117f,-1.2246467991473532e-16f,-0.9993123098159766f,-0.0370797444740007f,-1.0619494430900789f,0f,0f,0f,1f],start_interpolation:0}
execute if entity @s[tag=aj.sully.bone.h_head] run data modify entity @s {} merge value {transformation:[-1f,1.2164692449417001e-16f,-1.4128821172634175e-17f,1.3126682878360692e-16f,0f,-0.11537058017439158f,-0.9933225202471875f,0.7750000000000001f,-1.2246467991473532e-16f,-0.9933225202471875f,0.11537058017439158f,-1.071875f,0f,0f,0f,1f],start_interpolation:0}
execute if entity @s[tag=aj.sully.bone.left_leg_down] run data modify entity @s {} merge value {transformation:[-1f,1.2231716584445847e-16f,6.00905703066775e-18f,0.3125f,0f,0.04906767432741824f,-0.9987954562051724f,0.0007502851523572551f,-1.2246467991473532e-16f,-0.9987954562051724f,-0.04906767432741824f,0.1776222551790186f,0f,0f,0f,1f],start_interpolation:0}
execute if entity @s[tag=aj.sully.bone.left_leg] run data modify entity @s {} merge value {transformation:[-1f,1.2231716584445847e-16f,6.00905703066775e-18f,0.3062500000000001f,0f,0.04906767432741824f,-0.9987954562051724f,0.21562499999999984f,-1.2246467991473532e-16f,-0.9987954562051724f,-0.04906767432741824f,-0.37499999999999994f,0f,0f,0f,1f],start_interpolation:0}
execute if entity @s[tag=aj.sully.bone.right_leg_down] run data modify entity @s {} merge value {transformation:[-1f,1.223702640847296e-16f,4.807940770445845e-18f,-0.25f,0f,0.039259815759068825f,-0.9992290362407229f,0.006185909340388068f,-1.2246467991473532e-16f,-0.9992290362407229f,-0.039259815759068825f,0.17970511743058118f,0f,0f,0f,1f],start_interpolation:0}
execute if entity @s[tag=aj.sully.bone.right_leg] run data modify entity @s {} merge value {transformation:[-1f,1.223702640847296e-16f,4.807940770445845e-18f,-0.24999999999999994f,0f,0.039259815759068825f,-0.9992290362407229f,0.21562499999999984f,-1.2246467991473532e-16f,-0.9992290362407229f,-0.039259815759068825f,-0.37500000000000006f,0f,0f,0f,1f],start_interpolation:0}
execute if entity @s[tag=aj.sully.bone.left_arm] run data modify entity @s {} merge value {transformation:[-1f,1.1786677246455682e-16f,3.3241867808638096e-17f,0.6875000000000001f,0f,0.27144044986507443f,-0.9624552364536472f,0.5875f,-1.2246467991473532e-16f,-0.9624552364536472f,-0.27144044986507443f,-0.9687499999999998f,0f,0f,0f,1f],start_interpolation:0}
execute if entity @s[tag=aj.sully.bone.right_arm] run data modify entity @s {} merge value {transformation:[-1f,1.1647083184890923e-16f,3.784366730434153e-17f,-0.8124999999999999f,0f,0.3090169943749477f,-0.9510565162951534f,0.496875f,-1.2246467991473532e-16f,-0.9510565162951534f,-0.3090169943749477f,-0.9968750000000001f,0f,0f,0f,1f],start_interpolation:0}
execute if entity @s[tag=aj.sully.bone.torso] run data modify entity @s {} merge value {transformation:[-1f,1.1018738561028764e-16f,5.3444717970893545e-17f,7.883663769511085e-17f,0f,0.43640924067334225f,-0.8997482840522214f,0.35624999999999996f,-1.2246467991473532e-16f,-0.8997482840522214f,-0.43640924067334225f,-0.6437499999999999f,0f,0f,0f,1f],start_interpolation:0}