execute if entity @s[tag=aj.sully.bone.jaw] run data modify entity @s {} merge value {transformation:[-1f,0f,1.2246467991473532e-16f,-0.12499999999999999f,0f,1.0000000000000002f,0f,1.6140916345780525f,-1.2246467991473532e-16f,0f,-1.0000000000000002f,-0.06111156003813942f,0f,0f,0f,1f],start_interpolation:0}
execute if entity @s[tag=aj.sully.bone.h_head] run data modify entity @s {} merge value {transformation:[-1f,0f,1.2246467991473532e-16f,-1.773061958800268e-19f,0f,1.0000000000000002f,0f,1.6168178845780523f,-1.2246467991473532e-16f,0f,-1.0000000000000002f,0.0014478149618606106f,0f,0f,0f,1f],start_interpolation:0}
execute if entity @s[tag=aj.sully.bone.left_leg_down] run data modify entity @s {} merge value {transformation:[-1f,3.860515112542159e-17f,1.1622065278254954e-16f,0.3125f,0f,0.949013649188214f,-0.31523498164776975f,0.29861420500081387f,-1.2246467991473532e-16f,-0.31523498164776975f,-0.949013649188214f,0.09527903544661304f,0f,0f,0f,1f],start_interpolation:0}
execute if entity @s[tag=aj.sully.bone.left_leg] run data modify entity @s {} merge value {transformation:[-1f,8.332511174648998e-17f,8.974699760467499e-17f,0.30625f,0f,0.7328398495562993f,-0.6804011720318394f,0.7471202925361847f,-1.2246467991473532e-16f,-0.6804011720318394f,-0.7328398495562993f,-0.09599570212151182f,0f,0f,0f,1f],start_interpolation:0}
execute if entity @s[tag=aj.sully.bone.right_leg_down] run data modify entity @s {} merge value {transformation:[-1f,2.9626887508979326e-17f,1.1882695554102557e-16f,-0.25000000000000006f,0f,0.9702957262759966f,-0.24192189559966776f,0.3202695942113987f,-1.2246467991473532e-16f,-0.24192189559966776f,-0.9702957262759966f,0.12368114785864628f,0f,0f,0f,1f],start_interpolation:0}
execute if entity @s[tag=aj.sully.bone.right_leg] run data modify entity @s {} merge value {transformation:[-1f,8.194486552889034e-17f,9.100899318238092e-17f,-0.25f,0f,0.7431448254773941f,-0.6691306063588583f,0.7471202925361847f,-1.2246467991473532e-16f,-0.6691306063588583f,-0.7431448254773941f,-0.09599570212151187f,0f,0f,0f,1f],start_interpolation:0}
execute if entity @s[tag=aj.sully.bone.left_arm] run data modify entity @s {} merge value {transformation:[-1f,-6.978430025173886e-18f,1.2226569159417668e-16f,0.6875f,0f,0.9983751370542333f,0.05698320552531999f,1.5149742108468023f,-1.2246467991473532e-16f,0.05698320552531999f,-0.9983751370542333f,-0.05709015772188297f,0f,0f,0f,1f],start_interpolation:0}
execute if entity @s[tag=aj.sully.bone.right_arm] run data modify entity @s {} merge value {transformation:[-1f,-1.0212081271966952e-17f,1.2203815478248316e-16f,-0.8125f,0f,0.9965171579875184f,0.08338797177338803f,1.5107664022357252f,-1.2246467991473532e-16f,0.08338797177338803f,-0.9965171579875184f,-0.10582282101553608f,0f,0f,0f,1f],start_interpolation:0}
execute if entity @s[tag=aj.sully.bone.torso] run data modify entity @s {} merge value {transformation:[-1f,0f,1.2246467991473532e-16f,1.5552239208553842e-17f,0f,1.0000000000000002f,0f,1.1386144069001454f,-1.2246467991473532e-16f,0f,-1.0000000000000002f,-0.12699367049652124f,0f,0f,0f,1f],start_interpolation:0}