execute if entity @s[tag=aj.sully.bone.jaw] run data modify entity @s {} merge value {transformation:[-1f,6.162975822039155e-33f,1.2246467991473532e-16f,-0.12499999999999997f,0f,1f,0f,1.292398243014516f,-1.2246467991473532e-16f,0f,-1f,-0.12262207917605249f,0f,0f,0f,1f],start_interpolation:0}
execute if entity @s[tag=aj.sully.bone.h_head] run data modify entity @s {} merge value {transformation:[-1f,6.162975822039155e-33f,1.2246467991473532e-16f,7.35555984173371e-18f,0f,1f,0f,1.2951244930145158f,-1.2246467991473532e-16f,0f,-1f,-0.06006270417605247f,0f,0f,0f,1f],start_interpolation:0}
execute if entity @s[tag=aj.sully.bone.left_leg_down] run data modify entity @s {} merge value {transformation:[-1f,8.919971768583348e-17f,8.391071559333876e-17f,0.31249999999999994f,0f,0.6851829903263591f,-0.7283709698824004f,0.15691012516790448f,-1.2246467991473532e-16f,-0.7283709698824004f,-0.6851829903263591f,0.15031377895807801f,0f,0f,0f,1f],start_interpolation:0}
execute if entity @s[tag=aj.sully.bone.left_leg] run data modify entity @s {} merge value {transformation:[-1f,1.1334602157263406e-16f,4.6371081724222813e-17f,0.30625f,0f,0.37864861735243316f,-0.9255405040175664f,0.49414643339815034f,-1.2246467991473532e-16f,-0.9255405040175664f,-0.37864861735243316f,-0.22267254555474036f,0f,0f,0f,1f],start_interpolation:0}
execute if entity @s[tag=aj.sully.bone.right_leg_down] run data modify entity @s {} merge value {transformation:[-1f,8.507111498835273e-17f,8.809371839840251e-17f,-0.25000000000000006f,0f,0.7193398003386511f,-0.6946583704589974f,0.18073946734348081f,-1.2246467991473532e-16f,-0.6946583704589974f,-0.7193398003386511f,0.15593395589925893f,0f,0f,0f,1f],start_interpolation:0}
execute if entity @s[tag=aj.sully.bone.right_leg] run data modify entity @s {} merge value {transformation:[-1f,1.135472739716321e-16f,4.587607655662907e-17f,-0.24999999999999997f,0f,0.3746065934159122f,-0.9271838545667874f,0.49414643339815034f,-1.2246467991473532e-16f,-0.9271838545667874f,-0.3746065934159122f,-0.22267254555474048f,0f,0f,0f,1f],start_interpolation:0}
execute if entity @s[tag=aj.sully.bone.left_arm] run data modify entity @s {} merge value {transformation:[-1f,-1.3934182065612748e-17f,1.2166937328999822e-16f,0.6875000000000001f,0f,0.9935058285761182f,0.11378123125226203f,1.1381694655027697f,-1.2246467991473532e-16f,0.11378123125226203f,-0.9935058285761182f,-0.15125854749572898f,0f,0f,0f,1f],start_interpolation:0}
execute if entity @s[tag=aj.sully.bone.right_arm] run data modify entity @s {} merge value {transformation:[-1f,-2.0353028412556166e-17f,1.2076155042502668e-16f,-0.8124999999999999f,0f,0.9860928923270412f,0.1661950892839204f,1.1541281876923815f,-1.2246467991473532e-16f,0.1661950892839204f,-0.9860928923270412f,-0.2651801507414473f,0f,0f,0f,1f],start_interpolation:0}
execute if entity @s[tag=aj.sully.bone.torso] run data modify entity @s {} merge value {transformation:[-1f,6.162975822039155e-33f,1.2246467991473532e-16f,2.7279207551359015e-17f,0f,1f,0f,0.8519282191908689f,-1.2246467991473532e-16f,0f,-1f,-0.22275163394336955f,0f,0f,0f,1f],start_interpolation:0}