execute if entity @s[tag=aj.sully.bone.jaw] run data modify entity @s {} merge value {transformation:[-1f,0f,1.2246467991473532e-16f,-0.12499999999999999f,0f,1f,0f,1.6693283603091467f,-1.2246467991473532e-16f,0f,-1f,-0.04693346979938211f,0f,0f,0f,1f],start_interpolation:0}
execute if entity @s[tag=aj.sully.bone.h_head] run data modify entity @s {} merge value {transformation:[-1f,0f,1.2246467991473532e-16f,-1.913621478771676e-18f,0f,1f,0f,1.6720546103091465f,-1.2246467991473532e-16f,0f,-1f,0.015625905200617907f,0f,0f,0f,1f],start_interpolation:0}
execute if entity @s[tag=aj.sully.bone.left_leg_down] run data modify entity @s {} merge value {transformation:[-1f,3.324186780863806e-17f,1.1786677246455684e-16f,0.31250000000000006f,0f,0.9624552364536474f,-0.27144044986507415f,0.30687804475169433f,-1.2246467991473532e-16f,-0.27144044986507415f,-0.9624552364536474f,0.0649378008408516f,0f,0f,0f,1f],start_interpolation:0}
execute if entity @s[tag=aj.sully.bone.left_leg] run data modify entity @s {} merge value {transformation:[-1f,7.327363069399759e-17f,9.812529170167206e-17f,0.3062500000000001f,0f,0.8012538126910609f,-0.5983246005706588f,0.7880481393210185f,-1.2246467991473532e-16f,-0.5983246005706588f,-0.8012538126910609f,-0.08108434115992347f,0f,0f,0f,1f],start_interpolation:0}
execute if entity @s[tag=aj.sully.bone.right_leg_down] run data modify entity @s {} merge value {transformation:[-1f,2.5461838666528304e-17f,1.1978853283323182e-16f,-0.24999999999999997f,0f,0.9781476007338057f,-0.2079116908177593f,0.3268308720222271f,-1.2246467991473532e-16f,-0.2079116908177593f,-0.9781476007338057f,0.09836548275167933f,0f,0f,0f,1f],start_interpolation:0}
execute if entity @s[tag=aj.sully.bone.right_leg] run data modify entity @s {} merge value {transformation:[-1f,7.198293278059964e-17f,9.907600726170918e-17f,-0.24999999999999997f,0f,0.8090169943749477f,-0.5877852522924729f,0.7880481393210185f,-1.2246467991473532e-16f,-0.5877852522924729f,-0.8090169943749477f,-0.08108434115992352f,0f,0f,0f,1f],start_interpolation:0}
execute if entity @s[tag=aj.sully.bone.left_arm] run data modify entity @s {} merge value {transformation:[-1f,-5.982371421928283e-18f,1.2231847390639188e-16f,0.6875f,0f,0.998806137341434f,0.048849769795613285f,1.5569926303976918f,-1.2246467991473532e-16f,0.048849769795613285f,-0.998806137341434f,-0.04499425051393008f,0f,0f,0f,1f],start_interpolation:0}
execute if entity @s[tag=aj.sully.bone.right_arm] run data modify entity @s {} merge value {transformation:[-1f,-8.755911634923997e-18f,1.2215126621554107e-16f,-0.8125f,0f,0.997440782930944f,0.07149744433268601f,1.5566743589859906f,-1.2246467991473532e-16f,0.07149744433268601f,-0.997440782930944f,-0.08691931704111056f,0f,0f,0f,1f],start_interpolation:0}
execute if entity @s[tag=aj.sully.bone.torso] run data modify entity @s {} merge value {transformation:[-1f,0f,1.2246467991473532e-16f,1.4398626695827222e-17f,0f,1f,0f,1.1762991386768618f,-1.2246467991473532e-16f,0f,-1f,-0.11757370946343138f,0f,0f,0f,1f],start_interpolation:0}