execute if entity @s[tag=aj.sully.bone.jaw] run data modify entity @s {} merge value {transformation:[-1f,0f,1.2246467991473532e-16f,-0.12499999999999999f,0f,1f,0f,1.3753222243307428f,-1.2246467991473532e-16f,0f,-1f,-0.11417326054370296f,0f,0f,0f,1f],start_interpolation:0}
execute if entity @s[tag=aj.sully.bone.h_head] run data modify entity @s {} merge value {transformation:[-1f,0f,1.2246467991473532e-16f,6.320877972265379e-18f,0f,1f,0f,1.3780484743307426f,-1.2246467991473532e-16f,0f,-1f,-0.05161388554370294f,0f,0f,0f,1f],start_interpolation:0}
execute if entity @s[tag=aj.sully.bone.left_leg_down] run data modify entity @s {} merge value {transformation:[-1f,7.284478218549388e-17f,9.844407313275152e-17f,0.31249999999999994f,0f,0.8038568606172173f,-0.5948227867513414f,0.22652236299890655f,-1.2246467991473532e-16f,-0.5948227867513414f,-0.8038568606172173f,0.15192281462421411f,0f,0f,0f,1f],start_interpolation:0}
execute if entity @s[tag=aj.sully.bone.left_leg] run data modify entity @s {} merge value {transformation:[-1f,1.1053481794365604e-16f,5.2722403670369504e-17f,0.30625f,0f,0.43051109680829525f,-0.9025852843498606f,0.5609789713695417f,-1.2246467991473532e-16f,-0.9025852843498606f,-0.43051109680829525f,-0.18172413621879663f,0f,0f,0f,1f],start_interpolation:0}
execute if entity @s[tag=aj.sully.bone.right_leg_down] run data modify entity @s {} merge value {transformation:[-1f,6.48963930749715e-17f,1.0385593864809738e-16f,-0.25000000000000006f,0f,0.8480480961564258f,-0.5299192642332051f,0.2513379947419124f,-1.2246467991473532e-16f,-0.5299192642332051f,-0.8480480961564258f,0.16043488986360613f,0f,0f,0f,1f],start_interpolation:0}
execute if entity @s[tag=aj.sully.bone.right_leg] run data modify entity @s {} merge value {transformation:[-1f,1.1007052518929727e-16f,5.3684982175379825e-17f,-0.25f,0f,0.4383711467890774f,-0.8987940462991669f,0.5609789713695417f,-1.2246467991473532e-16f,-0.8987940462991669f,-0.4383711467890774f,-0.18172413621879674f,0f,0f,0f,1f],start_interpolation:0}
execute if entity @s[tag=aj.sully.bone.left_arm] run data modify entity @s {} merge value {transformation:[-1f,-1.1950458584155947e-17f,1.2188020498114922e-16f,0.6875000000000001f,0f,0.9952273999818313f,0.09758289975914952f,1.26974756386565f,-1.2246467991473532e-16f,0.09758289975914952f,-0.9952273999818313f,-0.13647944270579254f,0f,0f,0f,1f],start_interpolation:0}
execute if entity @s[tag=aj.sully.bone.right_arm] run data modify entity @s {} merge value {transformation:[-1f,-1.7467006712825513e-17f,1.2121262930533552e-16f,-0.8124999999999999f,0f,0.989776230907789f,0.14262893370551177f,1.2704416818073756f,-1.2246467991473532e-16f,0.14262893370551177f,-0.989776230907789f,-0.22249989492666283f,0f,0f,0f,1f],start_interpolation:0}
execute if entity @s[tag=aj.sully.bone.torso] run data modify entity @s {} merge value {transformation:[-1f,0f,1.2246467991473532e-16f,2.4190460065292756e-17f,0f,1f,0f,0.9432830671014882f,-1.2246467991473532e-16f,0f,-1f,-0.19753009669510468f,0f,0f,0f,1f],start_interpolation:0}