execute if entity @s[tag=aj.sully.bone.jaw] run data modify entity @s {} merge value {transformation:[-1f,1.2207305810022597e-16f,9.786026398770432e-18f,-0.12499999999999988f,0f,0.07990896971750422f,-0.9968021652056575f,0.7502528747050837f,-1.2246467991473532e-16f,-0.9968021652056575f,-0.07990896971750422f,-1.024438008222839f,0f,0f,0f,1f],start_interpolation:0}
execute if entity @s[tag=aj.sully.bone.h_head] run data modify entity @s {} merge value {transformation:[-1f,1.2220247363447802e-16f,-8.009573286591512e-18f,1.262917011620708e-16f,0f,-0.06540312923014284f,-0.9978589232386035f,0.8125000000000001f,-1.2246467991473532e-16f,-0.9978589232386035f,0.06540312923014284f,-1.03125f,0f,0f,0f,1f],start_interpolation:0}
execute if entity @s[tag=aj.sully.bone.left_leg_down] run data modify entity @s {} merge value {transformation:[-1f,1.2228257235656694e-16f,6.676100993809785e-18f,0.3125f,0f,0.05451450163800654f,-0.9985129789397631f,0.0008644092774156564f,-1.2246467991473532e-16f,-0.9985129789397631f,-0.05451450163800654f,0.17644208159649058f,0f,0f,0f,1f],start_interpolation:0}
execute if entity @s[tag=aj.sully.bone.left_leg] run data modify entity @s {} merge value {transformation:[-1f,1.2228257235656694e-16f,6.676100993809785e-18f,0.3062500000000001f,0f,0.05451450163800654f,-0.9985129789397631f,0.2187499999999999f,-1.2246467991473532e-16f,-0.9985129789397631f,-0.05451450163800654f,-0.37499999999999994f,0f,0f,0f,1f],start_interpolation:0}
execute if entity @s[tag=aj.sully.bone.right_leg_down] run data modify entity @s {} merge value {transformation:[-1f,1.223481206754078e-16f,5.34183431177275e-18f,-0.25f,0f,0.04361938736533622f,-0.9990482215818578f,0.0068925530603999585f,-1.2246467991473532e-16f,-0.9990482215818578f,-0.04361938736533622f,0.1787859895087944f,0f,0f,0f,1f],start_interpolation:0}
execute if entity @s[tag=aj.sully.bone.right_leg] run data modify entity @s {} merge value {transformation:[-1f,1.223481206754078e-16f,5.34183431177275e-18f,-0.24999999999999994f,0f,0.04361938736533622f,-0.9990482215818578f,0.2187499999999999f,-1.2246467991473532e-16f,-0.9990482215818578f,-0.04361938736533622f,-0.37500000000000006f,0f,0f,0f,1f],start_interpolation:0}
execute if entity @s[tag=aj.sully.bone.left_arm] run data modify entity @s {} merge value {transformation:[-1f,1.16796641102639e-16f,3.68258394847954e-17f,0.6875000000000001f,0f,0.3007057995042733f,-0.9537169507482268f,0.625f,-1.2246467991473532e-16f,-0.9537169507482268f,-0.3007057995042733f,-0.9374999999999998f,0f,0f,0f,1f],start_interpolation:0}
execute if entity @s[tag=aj.sully.bone.right_arm] run data modify entity @s {} merge value {transformation:[-1f,1.1507915602278503e-16f,4.1885387376769936e-17f,-0.8124999999999999f,0f,0.3420201433256689f,-0.9396926207859083f,0.53125f,-1.2246467991473532e-16f,-0.9396926207859083f,-0.3420201433256689f,-0.96875f,0f,0f,0f,1f],start_interpolation:0}
execute if entity @s[tag=aj.sully.bone.torso] run data modify entity @s {} merge value {transformation:[-1f,1.0736806151040427e-16f,5.890413562829542e-17f,7.654042494670955e-17f,0f,0.48098876891938785f,-0.8767267557075076f,0.37499999999999994f,-1.2246467991473532e-16f,-0.8767267557075076f,-0.48098876891938785f,-0.625f,0f,0f,0f,1f],start_interpolation:0}