execute if entity @s[tag=aj.sully.bone.jaw] run data modify entity @s {} merge value {transformation:[-1f,5.046090048104618e-17f,1.115853724699637e-16f,-0.12499999999999996f,0f,0.9111637130612171f,-0.41204452186686824f,1.176375437770119f,-1.2246467991473532e-16f,-0.41204452186686824f,-0.9111637130612171f,-0.38003288445126304f,0f,0f,0f,1f],start_interpolation:0}
execute if entity @s[tag=aj.sully.bone.h_head] run data modify entity @s {} merge value {transformation:[-1f,5.3684982175379806e-17f,1.1007052518929729e-16f,3.980102097228895e-17f,0f,0.898794046299167f,-0.4383711467890773f,1.2062499999999998f,-1.2246467991473532e-16f,-0.4383711467890773f,-0.898794046299167f,-0.32499999999999973f,0f,0f,0f,1f],start_interpolation:0}
execute if entity @s[tag=aj.sully.bone.left_leg_down] run data modify entity @s {} merge value {transformation:[-1f,1.2123538970985835e-16f,1.7308324832789185e-17f,0.3125f,0f,0.1413331978235677f,-0.9899620837148079f,0.0036321855277166304f,-1.2246467991473532e-16f,-0.9899620837148079f,-0.1413331978235677f,0.15535369749766065f,0f,0f,0f,1f],start_interpolation:0}
execute if entity @s[tag=aj.sully.bone.left_leg] run data modify entity @s {} merge value {transformation:[-1f,1.2123538970985835e-16f,1.7308324832789185e-17f,0.3062500000000001f,0f,0.1413331978235677f,-0.9899620837148079f,0.26874999999999993f,-1.2246467991473532e-16f,-0.9899620837148079f,-0.1413331978235677f,-0.37499999999999994f,0f,0f,0f,1f],start_interpolation:0}
execute if entity @s[tag=aj.sully.bone.right_leg_down] run data modify entity @s {} merge value {transformation:[-1f,1.2167745927772288e-16f,1.3863395339406082e-17f,-0.25f,0f,0.11320321376790693f,-0.9935718556765875f,0.01877846931619212f,-1.2246467991473532e-16f,-0.9935718556765875f,-0.11320321376790693f,0.16265856623659786f,0f,0f,0f,1f],start_interpolation:0}
execute if entity @s[tag=aj.sully.bone.right_leg] run data modify entity @s {} merge value {transformation:[-1f,1.2167745927772288e-16f,1.3863395339406082e-17f,-0.24999999999999994f,0f,0.11320321376790693f,-0.9935718556765875f,0.26874999999999993f,-1.2246467991473532e-16f,-0.9935718556765875f,-0.11320321376790693f,-0.37500000000000006f,0f,0f,0f,1f],start_interpolation:0}
execute if entity @s[tag=aj.sully.bone.left_arm] run data modify entity @s {} merge value {transformation:[-1f,8.809371839840251e-17f,8.507111498835276e-17f,0.6875000000000001f,0f,0.6946583704589974f,-0.7193398003386511f,1.0187499999999998f,-1.2246467991473532e-16f,-0.7193398003386511f,-0.6946583704589974f,-0.4374999999999997f,0f,0f,0f,1f],start_interpolation:0}
execute if entity @s[tag=aj.sully.bone.right_arm] run data modify entity @s {} merge value {transformation:[-1f,9.172062261673501e-17f,8.11475521098268e-17f,-0.8124999999999999f,0f,0.6626200482157376f,-0.748955720789002f,0.8937499999999999f,-1.2246467991473532e-16f,-0.748955720789002f,-0.6626200482157376f,-0.5f,0f,0f,0f,1f],start_interpolation:0}
execute if entity @s[tag=aj.sully.bone.torso] run data modify entity @s {} merge value {transformation:[-1f,2.754855886670364e-17f,1.1932591810242374e-16f,4.4393446469091523e-17f,0f,0.9743700647852351f,-0.22495105434386486f,0.6187499999999999f,-1.2246467991473532e-16f,-0.22495105434386486f,-0.9743700647852351f,-0.36249999999999993f,0f,0f,0f,1f],start_interpolation:0}