execute if entity @s[tag=aj.sully.bone.jaw] run data modify entity @s {} merge value {transformation:[-1f,1.2195093171294713e-16f,-1.1205716441293718e-17f,-0.12499999999999985f,0f,-0.09150161866340215f,-0.9958049275746618f,0.602860596861763f,-1.2246467991473532e-16f,-0.9958049275746618f,0.09150161866340215f,-1.17466468017643f,0f,0f,0f,1f],start_interpolation:0}
execute if entity @s[tag=aj.sully.bone.h_head] run data modify entity @s {} merge value {transformation:[-1f,1.181523707984897e-16f,-3.221203348617996e-17f,1.4619221164821527e-16f,0f,-0.26303121445797456f,-0.9647873238288132f,0.6625000000000001f,-1.2246467991473532e-16f,-0.9647873238288132f,0.26303121445797456f,-1.1937499999999999f,0f,0f,0f,1f],start_interpolation:0}
execute if entity @s[tag=aj.sully.bone.left_leg_down] run data modify entity @s {} merge value {transformation:[-1f,1.223991107914061e-16f,4.006932004872556e-18f,0.3125f,0f,0.03271908282177636f,-0.9994645874763657f,0.0004459057609321748f,-1.2246467991473532e-16f,-0.9994645874763657f,-0.03271908282177636f,0.1810640024263727f,0f,0f,0f,1f],start_interpolation:0}
execute if entity @s[tag=aj.sully.bone.left_leg] run data modify entity @s {} merge value {transformation:[-1f,1.223991107914061e-16f,4.006932004872556e-18f,0.3062500000000001f,0f,0.03271908282177636f,-0.9994645874763657f,0.20624999999999993f,-1.2246467991473532e-16f,-0.9994645874763657f,-0.03271908282177636f,-0.37499999999999994f,0f,0f,0f,1f],start_interpolation:0}
execute if entity @s[tag=aj.sully.bone.right_leg_down] run data modify entity @s {} merge value {transformation:[-1f,1.2242271432755217e-16f,3.2057515956682848e-18f,-0.25f,0f,0.02617694830787337f,-0.9996573249755573f,0.0040897181439041586f,-1.2246467991473532e-16f,-0.9996573249755573f,-0.02617694830787337f,0.18239906749102464f,0f,0f,0f,1f],start_interpolation:0}
execute if entity @s[tag=aj.sully.bone.right_leg] run data modify entity @s {} merge value {transformation:[-1f,1.2242271432755217e-16f,3.2057515956682848e-18f,-0.24999999999999994f,0f,0.02617694830787337f,-0.9996573249755573f,0.20624999999999993f,-1.2246467991473532e-16f,-0.9996573249755573f,-0.02617694830787337f,-0.37500000000000006f,0f,0f,0f,1f],start_interpolation:0}
execute if entity @s[tag=aj.sully.bone.left_arm] run data modify entity @s {} merge value {transformation:[-1f,1.2041399752941237e-16f,2.2317415298489453e-17f,0.6875000000000001f,0f,0.18223552549214767f,-0.9832549075639546f,0.4750000000000001f,-1.2246467991473532e-16f,-0.9832549075639546f,-0.18223552549214767f,-1.0624999999999998f,0f,0f,0f,1f],start_interpolation:0}
execute if entity @s[tag=aj.sully.bone.right_arm] run data modify entity @s {} merge value {transformation:[-1f,1.1978853283323184e-16f,2.5461838666528332e-17f,-0.8124999999999999f,0f,0.2079116908177595f,-0.9781476007338057f,0.3937500000000001f,-1.2246467991473532e-16f,-0.9781476007338057f,-0.2079116908177595f,-1.08125f,0f,0f,0f,1f],start_interpolation:0}
execute if entity @s[tag=aj.sully.bone.torso] run data modify entity @s {} merge value {transformation:[-1f,1.1695621181013766e-16f,3.6315869060794805e-17f,8.572527594031471e-17f,0f,0.29654157497557115f,-0.9550199444571865f,0.30000000000000004f,-1.2246467991473532e-16f,-0.9550199444571865f,-0.29654157497557115f,-0.7f,0f,0f,0f,1f],start_interpolation:0}