execute if entity @s[tag=aj.sully.bone.jaw] run data modify entity @s {} merge value {transformation:[-1f,1.2054179647294704e-16f,-2.161650132868851e-17f,-0.12499999999999985f,0f,-0.1765121285887389f,-0.9842984651319296f,0.5300727926285496f,-1.2246467991473532e-16f,-0.9842984651319296f,0.1765121285887389f,-1.2500355514186765f,0f,0f,0f,1f],start_interpolation:0}
execute if entity @s[tag=aj.sully.bone.h_head] run data modify entity @s {} merge value {transformation:[-1f,1.143306281056419e-16f,-4.3887416232765195e-17f,1.5614246689128752e-16f,0f,-0.3583679495453001f,-0.9335804264972019f,0.5875000000000001f,-1.2246467991473532e-16f,-0.9335804264972019f,0.3583679495453001f,-1.275f,0f,0f,0f,1f],start_interpolation:0}
execute if entity @s[tag=aj.sully.bone.left_leg_down] run data modify entity @s {} merge value {transformation:[-1f,1.22435536637248e-16f,2.6715529131343048e-18f,0.3125f,0f,0.021814885034561343f,-0.9997620270799091f,0.0002737470905761208f,-1.2246467991473532e-16f,-0.9997620270799091f,-0.021814885034561343f,0.18327584928846877f,0f,0f,0f,1f],start_interpolation:0}
execute if entity @s[tag=aj.sully.bone.left_leg] run data modify entity @s {} merge value {transformation:[-1f,1.22435536637248e-16f,2.6715529131343048e-18f,0.3062500000000001f,0f,0.021814885034561343f,-0.9997620270799091f,0.19999999999999984f,-1.2246467991473532e-16f,-0.9997620270799091f,-0.021814885034561343f,-0.37499999999999994f,0f,0f,0f,1f],start_interpolation:0}
execute if entity @s[tag=aj.sully.bone.right_leg_down] run data modify entity @s {} merge value {transformation:[-1f,1.2244602795081332e-16f,2.1373033680838187e-18f,-0.25f,0f,0.017452406437283734f,-0.9998476951563913f,0.0027115785372043844f,-1.2246467991473532e-16f,-0.9998476951563913f,-0.017452406437283734f,0.1841420023184794f,0f,0f,0f,1f],start_interpolation:0}
execute if entity @s[tag=aj.sully.bone.right_leg] run data modify entity @s {} merge value {transformation:[-1f,1.2244602795081332e-16f,2.1373033680838187e-18f,-0.24999999999999994f,0f,0.017452406437283734f,-0.9998476951563913f,0.19999999999999984f,-1.2246467991473532e-16f,-0.9998476951563913f,-0.017452406437283734f,-0.37500000000000006f,0f,0f,0f,1f],start_interpolation:0}
execute if entity @s[tag=aj.sully.bone.left_arm] run data modify entity @s {} merge value {transformation:[-1f,1.2155184676135683e-16f,1.4924690131530372e-17f,0.6875000000000001f,0f,0.12186934340514768f,-0.992546151641322f,0.4f,-1.2246467991473532e-16f,-0.992546151641322f,-0.12186934340514768f,-1.1249999999999998f,0f,0f,0f,1f],start_interpolation:0}
execute if entity @s[tag=aj.sully.bone.right_arm] run data modify entity @s {} merge value {transformation:[-1f,1.2127286206821952e-16f,1.7043789261815584e-17f,-0.8124999999999999f,0f,0.13917310096006566f,-0.9902680687415704f,0.32500000000000007f,-1.2246467991473532e-16f,-0.9902680687415704f,-0.13917310096006566f,-1.1375000000000002f,0f,0f,0f,1f],start_interpolation:0}
execute if entity @s[tag=aj.sully.bone.torso] run data modify entity @s {} merge value {transformation:[-1f,1.2000616529193144e-16f,2.4415530273664025e-17f,9.031770143711728e-17f,0f,0.1993679344171974f,-0.9799247046208296f,0.26249999999999996f,-1.2246467991473532e-16f,-0.9799247046208296f,-0.1993679344171974f,-0.7374999999999999f,0f,0f,0f,1f],start_interpolation:0}