execute if entity @s[tag=aj.sully.bone.jaw] run data modify entity @s {} merge value {transformation:[-1f,8.286717308481027e-17f,9.017000305839339e-17f,-0.12499999999999994f,0f,0.7362939512124904f,-0.6766618190853528f,1.1503436438006478f,-1.2246467991473532e-16f,-0.6766618190853528f,-0.7362939512124904f,-0.5169039464693019f,0f,0f,0f,1f],start_interpolation:0}
execute if entity @s[tag=aj.sully.bone.h_head] run data modify entity @s {} merge value {transformation:[-1f,8.734798795470805e-17f,8.583662870175385e-17f,5.817072295949927e-17f,0f,0.7009092642998508f,-0.7132504491541817f,1.196875f,-1.2246467991473532e-16f,-0.7132504491541817f,-0.7009092642998508f,-0.47499999999999987f,0f,0f,0f,1f],start_interpolation:0}
execute if entity @s[tag=aj.sully.bone.left_leg_down] run data modify entity @s {} merge value {transformation:[-1f,1.2150235505297487e-16f,1.532238699417984e-17f,0.3125f,0f,0.12511678473211935f,-0.9921420211735297f,0.002970179618145885f,-1.2246467991473532e-16f,-0.9921420211735297f,-0.12511678473211935f,0.15962048977283816f,0f,0f,0f,1f],start_interpolation:0}
execute if entity @s[tag=aj.sully.bone.left_leg] run data modify entity @s {} merge value {transformation:[-1f,1.2150235505297487e-16f,1.532238699417984e-17f,0.3062500000000001f,0f,0.12511678473211935f,-0.9921420211735297f,0.2593749999999998f,-1.2246467991473532e-16f,-0.9921420211735297f,-0.12511678473211935f,-0.37499999999999994f,0f,0f,0f,1f],start_interpolation:0}
execute if entity @s[tag=aj.sully.bone.right_leg_down] run data modify entity @s {} merge value {transformation:[-1f,1.2184850111283639e-16f,1.2269498896600731e-17f,-0.25f,0f,0.10018806161207651f,-0.9949685182509117f,0.01646261817116082f,-1.2246467991473532e-16f,-0.9949685182509117f,-0.10018806161207651f,0.16588452996387343f,0f,0f,0f,1f],start_interpolation:0}
execute if entity @s[tag=aj.sully.bone.right_leg] run data modify entity @s {} merge value {transformation:[-1f,1.2184850111283639e-16f,1.2269498896600731e-17f,-0.24999999999999994f,0f,0.10018806161207651f,-0.9949685182509117f,0.2593749999999998f,-1.2246467991473532e-16f,-0.9949685182509117f,-0.10018806161207651f,-0.37500000000000006f,0f,0f,0f,1f],start_interpolation:0}
execute if entity @s[tag=aj.sully.bone.left_arm] run data modify entity @s {} merge value {transformation:[-1f,9.44967576189181e-17f,7.789711564705088e-17f,0.6875000000000001f,0f,0.6360782202777641f,-0.7716245833877199f,1.009375f,-1.2246467991473532e-16f,-0.7716245833877199f,-0.6360782202777641f,-0.5312499999999998f,0f,0f,0f,1f],start_interpolation:0}
execute if entity @s[tag=aj.sully.bone.right_arm] run data modify entity @s {} merge value {transformation:[-1f,9.277495332720409e-17f,7.994001414656919e-17f,-0.8124999999999999f,0f,0.6527597524627227f,-0.7575649843840495f,0.8843749999999999f,-1.2246467991473532e-16f,-0.7575649843840495f,-0.6527597524627227f,-0.59375f,0f,0f,0f,1f],start_interpolation:0}
execute if entity @s[tag=aj.sully.bone.torso] run data modify entity @s {} merge value {transformation:[-1f,4.735843413637273e-17f,1.1293704681267977e-16f,4.8985871965894106e-17f,0f,0.9222009716704519f,-0.3867109616368206f,0.5906249999999997f,-1.2246467991473532e-16f,-0.3867109616368206f,-0.9222009716704519f,-0.39999999999999997f,0f,0f,0f,1f],start_interpolation:0}