execute if entity @s[tag=aj.sully.bone.jaw] run data modify entity @s {} merge value {transformation:[-1f,1.18608362568095e-16f,3.049023049328915e-17f,-0.12499999999999989f,0f,0.24897162606000062f,-0.9685107791950689f,0.9001444114020037f,-1.2246467991473532e-16f,-0.9685107791950689f,-0.24897162606000062f,-0.8744848417633418f,0f,0f,0f,1f],start_interpolation:0}
execute if entity @s[tag=aj.sully.bone.h_head] run data modify entity @s {} merge value {transformation:[-1f,1.213460749619115e-16f,1.6514476012175805e-17f,1.0639119067592629e-16f,0f,0.13485093027372322f,-0.9908658973868822f,0.9624999999999999f,-1.2246467991473532e-16f,-0.9908658973868822f,-0.13485093027372322f,-0.8687499999999999f,0f,0f,0f,1f],start_interpolation:0}
execute if entity @s[tag=aj.sully.bone.left_leg_down] run data modify entity @s {} merge value {transformation:[-1f,1.2210783404008794e-16f,9.342092520250376e-18f,0.3125f,0f,0.07628397450395252f,-0.9970861323044666f,0.0013866145344390568f,-1.2246467991473532e-16f,-0.9970861323044666f,-0.07628397450395252f,0.17155770420177152f,0f,0f,0f,1f],start_interpolation:0}
execute if entity @s[tag=aj.sully.bone.left_leg] run data modify entity @s {} merge value {transformation:[-1f,1.2210783404008794e-16f,9.342092520250376e-18f,0.3062500000000001f,0f,0.07628397450395252f,-0.9970861323044666f,0.23124999999999984f,-1.2246467991473532e-16f,-0.9970861323044666f,-0.07628397450395252f,-0.37499999999999994f,0f,0f,0f,1f],start_interpolation:0}
execute if entity @s[tag=aj.sully.bone.right_leg_down] run data modify entity @s {} merge value {transformation:[-1f,1.2223625860049279e-16f,7.476289853398337e-18f,-0.25f,0f,0.06104853953485708f,-0.9981347984218669f,0.009759921807542704f,-1.2246467991473532e-16f,-0.9981347984218669f,-0.06104853953485708f,0.17500422294951443f,0f,0f,0f,1f],start_interpolation:0}
execute if entity @s[tag=aj.sully.bone.right_leg] run data modify entity @s {} merge value {transformation:[-1f,1.2223625860049279e-16f,7.476289853398337e-18f,-0.24999999999999994f,0f,0.06104853953485708f,-0.9981347984218669f,0.23124999999999984f,-1.2246467991473532e-16f,-0.9981347984218669f,-0.06104853953485708f,-0.37500000000000006f,0f,0f,0f,1f],start_interpolation:0}
execute if entity @s[tag=aj.sully.bone.left_arm] run data modify entity @s {} merge value {transformation:[-1f,1.1143811577270162e-16f,5.07852752247e-17f,0.6875000000000001f,0f,0.41469324265623925f,-0.9099612708765431f,0.7749999999999999f,-1.2246467991473532e-16f,-0.9099612708765431f,-0.41469324265623925f,-0.8124999999999998f,0f,0f,0f,1f],start_interpolation:0}
execute if entity @s[tag=aj.sully.bone.right_arm] run data modify entity @s {} merge value {transformation:[-1f,1.0812989434095453e-16f,5.749368466564471e-17f,-0.8124999999999999f,0f,0.469471562785891f,-0.8829475928589269f,0.66875f,-1.2246467991473532e-16f,-0.8829475928589269f,-0.469471562785891f,-0.85625f,0f,0f,0f,1f],start_interpolation:0}
execute if entity @s[tag=aj.sully.bone.torso] run data modify entity @s {} merge value {transformation:[-1f,9.346902011245027e-17f,7.912736635221056e-17f,6.73555739531044e-17f,0f,0.6461239796429641f,-0.7632324697825287f,0.4499999999999999f,-1.2246467991473532e-16f,-0.7632324697825287f,-0.6461239796429641f,-0.55f,0f,0f,0f,1f],start_interpolation:0}