execute if entity @s[tag=aj.sully.bone.jaw] run data modify entity @s {} merge value {transformation:[-1f,0f,1.224646799147353e-16f,-0.12499999999999997f,0f,1f,0f,1.2326863943066506f,-1.2246467991473532e-16f,0f,-1f,-0.1389306534986388f,0f,0f,0f,1f],start_interpolation:0}
execute if entity @s[tag=aj.sully.bone.h_head] run data modify entity @s {} merge value {transformation:[-1f,0f,1.224646799147353e-16f,9.352784176014913e-18f,0f,1f,0f,1.2354126443066504f,-1.2246467991473532e-16f,0f,-1f,-0.07637127849863878f,0f,0f,0f,1f],start_interpolation:0}
execute if entity @s[tag=aj.sully.bone.left_leg_down] run data modify entity @s {} merge value {transformation:[-1f,1.082550686735461e-16f,5.725764519349704e-17f,0.3125f,0f,0.4675441542276683f,-0.8839697188521416f,0.07107068816202439f,-1.2246467991473532e-16f,-0.8839697188521416f,-0.4675441542276683f,0.1457003308271903f,0f,0f,0f,1f],start_interpolation:0}
execute if entity @s[tag=aj.sully.bone.left_leg] run data modify entity @s {} merge value {transformation:[-1f,1.1687670460221698e-16f,3.6570941305149474e-17f,0.3062500000000001f,0f,0.2986243979130276f,-0.9543707188357581f,0.40039117177390293f,-1.2246467991473532e-16f,-0.9543707188357581f,-0.2986243979130276f,-0.29291118483057077f,0f,0f,0f,1f],start_interpolation:0}
execute if entity @s[tag=aj.sully.bone.right_leg_down] run data modify entity @s {} merge value {transformation:[-1f,1.0812989434095454e-16f,5.749368466564467e-17f,-0.25000000000000006f,0f,0.46947156278589075f,-0.8829475928589271f,0.09296475059130643f,-1.2246467991473532e-16f,-0.8829475928589271f,-0.46947156278589075f,0.15205925907794093f,0f,0f,0f,1f],start_interpolation:0}
execute if entity @s[tag=aj.sully.bone.right_leg] run data modify entity @s {} merge value {transformation:[-1f,1.1772060590738184e-16f,3.375584055267282e-17f,-0.24999999999999997f,0f,0.2756373558169993f,-0.9612616959383189f,0.40039117177390293f,-1.2246467991473532e-16f,-0.9612616959383189f,-0.2756373558169993f,-0.2929111848305709f,0f,0f,0f,1f],start_interpolation:0}
execute if entity @s[tag=aj.sully.bone.left_arm] run data modify entity @s {} merge value {transformation:[-1f,8.116211999187064e-18f,1.2219543743283882e-16f,0.6875000000000001f,0f,0.99780146829205f,-0.06627390040000011f,1.0515642905536748f,-1.2246467991473532e-16f,-0.06627390040000011f,-0.99780146829205f,-0.15393285692069436f,0f,0f,0f,1f],start_interpolation:0}
execute if entity @s[tag=aj.sully.bone.right_arm] run data modify entity @s {} merge value {transformation:[-1f,8.222844530934111e-18f,1.2218830817405838e-16f,-0.8124999999999999f,0f,0.9977432534762728f,-0.06714462109939923f,1.0201683731619502f,-1.2246467991473532e-16f,-0.06714462109939923f,-0.9977432534762728f,-0.31766090734618524f,0f,0f,0f,1f],start_interpolation:0}
execute if entity @s[tag=aj.sully.bone.torso] run data modify entity @s {} merge value {transformation:[-1f,0f,1.224646799147353e-16f,3.19085789667222e-17f,0f,1f,0f,0.7493542561046422f,-1.2246467991473532e-16f,0f,-1f,-0.2605533202629374f,0f,0f,0f,1f],start_interpolation:0}