execute if entity @s[tag=aj.sully.bone.jaw] run data modify entity @s {} merge value {transformation:[-1f,0f,1.2246467991473535e-16f,-0.12499999999999999f,0f,1f,0f,1.5658334775863743f,-1.2246467991473532e-16f,0f,-1f,-0.07351752265914573f,0f,0f,0f,1f],start_interpolation:0}
execute if entity @s[tag=aj.sully.bone.h_head] run data modify entity @s {} merge value {transformation:[-1f,0f,1.2246467991473535e-16f,1.3419860455356909e-18f,0f,1f,0f,1.568559727586374f,-1.2246467991473532e-16f,0f,-1f,-0.010958147659145712f,0f,0f,0f,1f],start_interpolation:0}
execute if entity @s[tag=aj.sully.bone.left_leg_down] run data modify entity @s {} merge value {transformation:[-1f,4.3887416232765195e-17f,1.143306281056419e-16f,0.3125f,0f,0.9335804264972019f,-0.3583679495453002f,0.2960317155209549f,-1.2246467991473532e-16f,-0.3583679495453002f,-0.9335804264972019f,0.12059018804493976f,0f,0f,0f,1f],start_interpolation:0}
execute if entity @s[tag=aj.sully.bone.left_leg] run data modify entity @s {} merge value {transformation:[-1f,9.242526717056601e-17f,8.034405899049457e-17f,0.30625f,0f,0.6560590289905075f,-0.7547095802227719f,0.7074875579505172f,-1.2246467991473532e-16f,-0.7547095802227719f,-0.6560590289905075f,-0.11154253351797572f,0f,0f,0f,1f],start_interpolation:0}
execute if entity @s[tag=aj.sully.bone.right_leg_down] run data modify entity @s {} merge value {transformation:[-1f,3.37558405526728e-17f,1.1772060590738186e-16f,-0.25000000000000006f,0f,0.961261695938319f,-0.27563735581699916f,0.31897520535488416f,-1.2246467991473532e-16f,-0.27563735581699916f,-0.961261695938319f,0.14402898332359423f,0f,0f,0f,1f],start_interpolation:0}
execute if entity @s[tag=aj.sully.bone.right_leg] run data modify entity @s {} merge value {transformation:[-1f,9.100899318238091e-17f,8.194486552889037e-17f,-0.25f,0f,0.6691306063588585f,-0.7431448254773941f,0.7074875579505172f,-1.2246467991473532e-16f,-0.7431448254773941f,-0.6691306063588585f,-0.11154253351797583f,0f,0f,0f,1f],start_interpolation:0}
execute if entity @s[tag=aj.sully.bone.left_arm] run data modify entity @s {} merge value {transformation:[-1f,-7.974025689573978e-18f,1.2220479835473155e-16f,0.6875f,0f,0.9978779060200482f,0.06511286107248065f,1.4794430650680663f,-1.2246467991473532e-16f,0.06511286107248065f,-0.9978779060200482f,-0.06981790013567268f,0f,0f,0f,1f],start_interpolation:0}
execute if entity @s[tag=aj.sully.bone.right_arm] run data modify entity @s {} merge value {transformation:[-1f,-1.166679836579354e-17f,1.2190768491982157e-16f,-0.8125f,0f,0.9954517907097659f,0.09526663829862142f,1.4702792273128165f,-1.2246467991473532e-16f,0.09526663829862142f,-0.9954517907097659f,-0.124963381161732f,0f,0f,0f,1f],start_interpolation:0}
execute if entity @s[tag=aj.sully.bone.torso] run data modify entity @s {} merge value {transformation:[-1f,0f,1.2246467991473535e-16f,1.6900608934496732e-17f,0f,1f,0f,1.1054351596642125f,-1.2246467991473532e-16f,0f,-1f,-0.13800394486200912f,0f,0f,0f,1f],start_interpolation:0}