execute if entity @s[tag=aj.sully.bone.jaw] run data modify entity @s {} merge value {transformation:[-1f,9.195628289344516e-17f,8.088040469136676e-17f,-0.12499999999999993f,0f,0.6604386239990081f,-0.7508800329814989f,1.142774092663978f,-1.2246467991473532e-16f,-0.7508800329814989f,-0.6604386239990081f,-0.5613670827909306f,0f,0f,0f,1f],start_interpolation:0}
execute if entity @s[tag=aj.sully.bone.h_head] run data modify entity @s {} merge value {transformation:[-1f,9.650348470981653e-17f,7.539678551159051e-17f,6.429395695523601e-17f,0f,0.6156614753256587f,-0.7880107536067217f,1.19375f,-1.2246467991473532e-16f,-0.7880107536067217f,-0.6156614753256587f,-0.5249999999999997f,0f,0f,0f,1f],start_interpolation:0}
execute if entity @s[tag=aj.sully.bone.left_leg_down] run data modify entity @s {} merge value {transformation:[-1f,1.215841180865189e-16f,1.4659469831546073e-17f,0.3125f,0f,0.11970365530496274f,-0.992809667009055f,0.002764881326760643f,-1.2246467991473532e-16f,-0.992809667009055f,-0.11970365530496274f,0.16101100232291302f,0f,0f,0f,1f],start_interpolation:0}
execute if entity @s[tag=aj.sully.bone.left_leg] run data modify entity @s {} merge value {transformation:[-1f,1.215841180865189e-16f,1.4659469831546073e-17f,0.3062500000000001f,0f,0.11970365530496274f,-0.992809667009055f,0.25625f,-1.2246467991473532e-16f,-0.992809667009055f,-0.11970365530496274f,-0.37499999999999994f,0f,0f,0f,1f],start_interpolation:0}
execute if entity @s[tag=aj.sully.bone.right_leg_down] run data modify entity @s {} merge value {transformation:[-1f,1.2190087682138094e-16f,1.1737719403576193e-17f,-0.25f,0f,0.0958457525202242f,-0.9953961983671789f,0.01569997701352782f,-1.2246467991473532e-16f,-0.9953961983671789f,-0.0958457525202242f,0.166939282983996f,0f,0f,0f,1f],start_interpolation:0}
execute if entity @s[tag=aj.sully.bone.right_leg] run data modify entity @s {} merge value {transformation:[-1f,1.2190087682138094e-16f,1.1737719403576193e-17f,-0.24999999999999994f,0f,0.0958457525202242f,-0.9953961983671789f,0.25625f,-1.2246467991473532e-16f,-0.9953961983671789f,-0.0958457525202242f,-0.37500000000000006f,0f,0f,0f,1f],start_interpolation:0}
execute if entity @s[tag=aj.sully.bone.left_arm] run data modify entity @s {} merge value {transformation:[-1f,9.650348470981655e-17f,7.53967855115905e-17f,0.6875000000000001f,0f,0.6156614753256586f,-0.7880107536067218f,1.00625f,-1.2246467991473532e-16f,-0.7880107536067218f,-0.6156614753256586f,-0.5624999999999998f,0f,0f,0f,1f],start_interpolation:0}
execute if entity @s[tag=aj.sully.bone.right_arm] run data modify entity @s {} merge value {transformation:[-1f,9.312287318246302e-17f,7.953444736000552e-17f,-0.8124999999999999f,0f,0.6494480483301839f,-0.7604059656000308f,0.8812500000000001f,-1.2246467991473532e-16f,-0.7604059656000308f,-0.6494480483301839f,-0.625f,0f,0f,0f,1f],start_interpolation:0}
execute if entity @s[tag=aj.sully.bone.torso] run data modify entity @s {} merge value {transformation:[-1f,5.3684982175379806e-17f,1.1007052518929729e-16f,5.0516680464828294e-17f,0f,0.898794046299167f,-0.4383711467890773f,0.58125f,-1.2246467991473532e-16f,-0.4383711467890773f,-0.898794046299167f,-0.4124999999999999f,0f,0f,0f,1f],start_interpolation:0}