execute if entity @s[tag=aj.sully.bone.jaw] run data modify entity @s {} merge value {transformation:[-1f,0f,1.224646799147353e-16f,-0.12499999999999997f,0f,0.9999999999999998f,0f,1.2638453021412042f,-1.2246467991473532e-16f,0f,-0.9999999999999998f,-0.12640057744510072f,0f,0f,0f,1f],start_interpolation:0}
execute if entity @s[tag=aj.sully.bone.h_head] run data modify entity @s {} merge value {transformation:[-1f,0f,1.224646799147353e-16f,7.818292422811066e-18f,0f,0.9999999999999998f,0f,1.266571552141204f,-1.2246467991473532e-16f,0f,-0.9999999999999998f,-0.06384120244510072f,0f,0f,0f,1f],start_interpolation:0}
execute if entity @s[tag=aj.sully.bone.left_leg_down] run data modify entity @s {} merge value {transformation:[-1f,9.633876491004928e-17f,7.560714385707764e-17f,0.31249999999999994f,0f,0.617379181570705f,-0.7866657143686169f,0.1257916141739276f,-1.2246467991473532e-16f,-0.7866657143686169f,-0.617379181570705f,0.14926698442106f,0f,0f,0f,1f],start_interpolation:0}
execute if entity @s[tag=aj.sully.bone.left_leg] run data modify entity @s {} merge value {transformation:[-1f,1.146154197506396e-16f,4.313818936862405e-17f,0.30625f,0f,0.3522500479212336f,-0.9359059267573256f,0.46210457429944285f,-1.2246467991473532e-16f,-0.9359059267573256f,-0.3522500479212336f,-0.24485093198233648f,0f,0f,0f,1f],start_interpolation:0}
execute if entity @s[tag=aj.sully.bone.right_leg_down] run data modify entity @s {} merge value {transformation:[-1f,9.381338752702731e-17f,7.871877887341986e-17f,-0.25000000000000006f,0f,0.6427876096865393f,-0.7660444431189779f,0.14890736612186295f,-1.2246467991473532e-16f,-0.7660444431189779f,-0.6427876096865393f,0.15444908014730852f,0f,0f,0f,1f],start_interpolation:0}
execute if entity @s[tag=aj.sully.bone.right_leg] run data modify entity @s {} merge value {transformation:[-1f,1.1507915602278503e-16f,4.188538737676993e-17f,-0.24999999999999997f,0f,0.3420201433256688f,-0.9396926207859083f,0.46210457429944285f,-1.2246467991473532e-16f,-0.9396926207859083f,-0.3420201433256688f,-0.2448509319823366f,0f,0f,0f,1f],start_interpolation:0}
execute if entity @s[tag=aj.sully.bone.left_arm] run data modify entity @s {} merge value {transformation:[-1f,-1.492469013153035e-17f,1.2155184676135683e-16f,0.6875000000000001f,0f,0.9925461516413219f,0.12186934340514749f,1.0836920650044126f,-1.2246467991473532e-16f,0.12186934340514749f,-0.9925461516413219f,-0.1531222688006505f,0f,0f,0f,1f],start_interpolation:0}
execute if entity @s[tag=aj.sully.bone.right_arm] run data modify entity @s {} merge value {transformation:[-1f,-2.1791799339347205e-17f,1.2051022906032584e-16f,-0.8124999999999999f,0f,0.9840406976462908f,0.17794354547384192f,1.103852144385212f,-1.2246467991473532e-16f,0.17794354547384192f,-0.9840406976462908f,-0.28345319116506845f,0f,0f,0f,1f],start_interpolation:0}
execute if entity @s[tag=aj.sully.bone.torso] run data modify entity @s {} merge value {transformation:[-1f,0f,1.224646799147353e-16f,2.8750772335660806e-17f,0f,0.9999999999999998f,0f,0.813087974950345f,-1.2246467991473532e-16f,0f,-0.9999999999999998f,-0.23476787230145224f,0f,0f,0f,1f],start_interpolation:0}