execute if entity @s[tag=aj.sully.bone.jaw] run data modify entity @s {} merge value {transformation:[-1f,0f,1.2246467991473532e-16f,-0.125f,0f,0.9999999999999999f,0f,1.9520953125506848f,-1.2246467991473532e-16f,0f,-0.9999999999999999f,0.04577328392273369f,0f,0f,0f,1f],start_interpolation:0}
execute if entity @s[tag=aj.sully.bone.h_head] run data modify entity @s {} merge value {transformation:[-1f,0f,1.2246467991473532e-16f,-1.326692439928478e-17f,0f,0.9999999999999999f,0f,1.9548215625506846f,-1.2246467991473532e-16f,0f,-0.9999999999999999f,0.1083326589227337f,0f,0f,0f,1f],start_interpolation:0}
execute if entity @s[tag=aj.sully.bone.left_leg_down] run data modify entity @s {} merge value {transformation:[-1f,1.120571644129377e-17f,1.219509317129471e-16f,0.31250000000000006f,0f,0.9958049275746615f,-0.09150161866340258f,0.4060628806161883f,-1.2246467991473532e-16f,-0.09150161866340258f,-0.9958049275746615f,-0.09456162895539419f,0f,0f,0f,1f],start_interpolation:0}
execute if entity @s[tag=aj.sully.bone.left_leg] run data modify entity @s {} merge value {transformation:[-1f,2.5984270705692878e-17f,1.1967629465567457e-16f,0.30625f,0f,0.9772311064626787f,-0.21217767215644656f,0.9653696781575178f,-1.2246467991473532e-16f,-0.21217767215644656f,-0.9772311064626787f,-0.026037281803647422f,0f,0f,0f,1f],start_interpolation:0}
execute if entity @s[tag=aj.sully.bone.right_leg_down] run data modify entity @s {} merge value {transformation:[-1f,8.542704229054963e-18f,1.2216636210951633e-16f,-0.24999999999999997f,0f,0.9975640502598241f,-0.0697564737441255f,0.4146408166329379f,-1.2246467991473532e-16f,-0.0697564737441255f,-0.9975640502598241f,-0.04123076541063578f,0f,0f,0f,1f],start_interpolation:0}
execute if entity @s[tag=aj.sully.bone.right_leg] run data modify entity @s {} merge value {transformation:[-1f,2.5461838666528348e-17f,1.1978853283323182e-16f,-0.24999999999999997f,0f,0.9781476007338055f,-0.20791169081775965f,0.9653696781575178f,-1.2246467991473532e-16f,-0.20791169081775965f,-0.9781476007338055f,-0.026037281803647505f,0f,0f,0f,1f],start_interpolation:0}
execute if entity @s[tag=aj.sully.bone.left_arm] run data modify entity @s {} merge value {transformation:[-1f,-1.9948295305167527e-18f,1.2244843192855822e-16f,0.6875f,0f,0.9998673251243672f,0.016289019265845694f,1.7880917187378864f,-1.2246467991473532e-16f,0.016289019265845694f,-0.9998673251243672f,0.014509838233095873f,0f,0f,0f,1f],start_interpolation:0}
execute if entity @s[tag=aj.sully.bone.right_arm] run data modify entity @s {} merge value {transformation:[-1f,-2.9208525799930107e-18f,1.2242984295842465e-16f,-0.8125f,0f,0.9997155346640768f,0.023850571299632f,1.7923093400536032f,-1.2246467991473532e-16f,0.023850571299632f,-0.9997155346640768f,0.0011860185691550118f,0f,0f,0f,1f],start_interpolation:0}
execute if entity @s[tag=aj.sully.bone.torso] run data modify entity @s {} merge value {transformation:[-1f,0f,1.2246467991473532e-16f,1.033521641301653e-17f,0f,0.9999999999999999f,0f,1.3737688340595136f,-1.2246467991473532e-16f,0f,-0.9999999999999999f,-0.08439344650402313f,0f,0f,0f,1f],start_interpolation:0}