execute if entity @s[tag=aj.sully.bone.jaw] run data modify entity @s {} merge value {transformation:[-1f,0f,1.2246467991473532e-16f,-0.12499999999999999f,0f,1.0000000000000002f,0f,1.3296093285694237f,-1.2246467991473532e-16f,0f,-1.0000000000000002f,-0.1189332210276417f,0f,0f,0f,1f],start_interpolation:0}
execute if entity @s[tag=aj.sully.bone.h_head] run data modify entity @s {} merge value {transformation:[-1f,0f,1.2246467991473532e-16f,6.903805009337707e-18f,0f,1.0000000000000002f,0f,1.3323355785694235f,-1.2246467991473532e-16f,0f,-1.0000000000000002f,-0.05637384602764167f,0f,0f,0f,1f],start_interpolation:0}
execute if entity @s[tag=aj.sully.bone.left_leg_down] run data modify entity @s {} merge value {transformation:[-1f,8.134746219138767e-17f,9.154336798282729e-17f,0.31249999999999994f,0f,0.747508326862597f,-0.6642524379112815f,0.19050176846014016f,-1.2246467991473532e-16f,-0.6642524379112815f,-0.747508326862597f,0.15113511737573082f,0f,0f,0f,1f],start_interpolation:0}
execute if entity @s[tag=aj.sully.bone.left_leg] run data modify entity @s {} merge value {transformation:[-1f,1.1198545619072867e-16f,4.9566676591970196e-17f,0.30625f,0f,0.4047426296829457f,-0.9144306445637821f,0.5270806918493811f,-1.2246467991473532e-16f,-0.9144306445637821f,-0.4047426296829457f,-0.2016514528309315f,0f,0f,0f,1f],start_interpolation:0}
execute if entity @s[tag=aj.sully.bone.right_leg_down] run data modify entity @s {} merge value {transformation:[-1f,7.539678551159044e-17f,9.650348470981658e-17f,-0.25000000000000006f,0f,0.7880107536067221f,-0.6156614753256582f,0.21494014716324022f,-1.2246467991473532e-16f,-0.6156614753256582f,-0.7880107536067221f,0.15787395411873548f,0f,0f,0f,1f],start_interpolation:0}
execute if entity @s[tag=aj.sully.bone.right_leg] run data modify entity @s {} merge value {transformation:[-1f,1.1187705205776151e-16f,4.981087280387183e-17f,-0.24999999999999997f,0f,0.40673664307580026f,-0.9135454576426009f,0.5270806918493811f,-1.2246467991473532e-16f,-0.9135454576426009f,-0.40673664307580026f,-0.2016514528309316f,0f,0f,0f,1f],start_interpolation:0}
execute if entity @s[tag=aj.sully.bone.left_arm] run data modify entity @s {} merge value {transformation:[-1f,-1.2942749626428421e-17f,1.2177882845029413e-16f,0.6875000000000001f,0f,0.9943995977867356f,0.10568557101884135f,1.20036479161086f,-1.2246467991473532e-16f,0.10568557101884135f,-0.9943995977867356f,-0.14604185601190156f,0f,0f,0f,1f],start_interpolation:0}
execute if entity @s[tag=aj.sully.bone.right_arm] run data modify entity @s {} merge value {transformation:[-1f,-1.891136251728945e-17f,1.2099569494142442e-16f,-0.8124999999999999f,0f,0.9880048273973062f,0.15442299388245062f,1.2097600936418564f,-1.2246467991473532e-16f,0.15442299388245062f,-0.9880048273973062f,-0.2451058829073715f,0f,0f,0f,1f],start_interpolation:0}
execute if entity @s[tag=aj.sully.bone.torso] run data modify entity @s {} merge value {transformation:[-1f,0f,1.2246467991473532e-16f,2.5782671809480353e-17f,0f,1.0000000000000002f,0f,0.8953659556396181f,-1.2246467991473532e-16f,0f,-1.0000000000000002f,-0.21053149224275336f,0f,0f,0f,1f],start_interpolation:0}