execute if entity @s[tag=aj.sully.bone.jaw] run data modify entity @s {} merge value {transformation:[-1f,0f,1.2246467991473532e-16f,-0.12499999999999999f,0f,1f,0f,1.4909921835382294f,-1.2246467991473532e-16f,0f,-1f,-0.09695015823088553f,0f,0f,0f,1f],start_interpolation:0}
execute if entity @s[tag=aj.sully.bone.h_head] run data modify entity @s {} merge value {transformation:[-1f,0f,1.2246467991473532e-16f,4.211656260387445e-18f,0f,1f,0f,1.4937184335382292f,-1.2246467991473532e-16f,0f,-1f,-0.03439078323088551f,0f,0f,0f,1f],start_interpolation:0}
execute if entity @s[tag=aj.sully.bone.left_leg_down] run data modify entity @s {} merge value {transformation:[-1f,5.4164742877577534e-17f,1.098352332160518e-16f,0.31249999999999994f,0f,0.8968727415326883f,-0.4422886902190014f,0.3055991111269377f,-1.2246467991473532e-16f,-0.4422886902190014f,-0.8968727415326883f,0.15412619496847918f,0f,0f,0f,1f],start_interpolation:0}
execute if entity @s[tag=aj.sully.bone.left_leg] run data modify entity @s {} merge value {transformation:[-1f,1.0736806151040429e-16f,5.890413562829539e-17f,0.30625f,0f,0.4809887689193876f,-0.8767267557075078f,0.6319320439671243f,-1.2246467991473532e-16f,-0.8767267557075078f,-0.4809887689193876f,-0.14487621779128362f,0f,0f,0f,1f],start_interpolation:0}
execute if entity @s[tag=aj.sully.bone.right_leg_down] run data modify entity @s {} merge value {transformation:[-1f,4.1885387376769936e-17f,1.1507915602278503e-16f,-0.25000000000000006f,0f,0.9396926207859085f,-0.3420201433256688f,0.3299917253511617f,-1.2246467991473532e-16f,-0.3420201433256688f,-0.9396926207859085f,0.16795531104054554f,0f,0f,0f,1f],start_interpolation:0}
execute if entity @s[tag=aj.sully.bone.right_leg] run data modify entity @s {} merge value {transformation:[-1f,1.0605752387249069e-16f,6.123233995736765e-17f,-0.25f,0f,0.5f,-0.8660254037844387f,0.6319320439671243f,-1.2246467991473532e-16f,-0.8660254037844387f,-0.5f,-0.14487621779128373f,0f,0f,0f,1f],start_interpolation:0}
execute if entity @s[tag=aj.sully.bone.left_arm] run data modify entity @s {} merge value {transformation:[-1f,-9.963564051486348e-18f,1.2205869579022425e-16f,0.6875000000000001f,0f,0.9966848880445061f,0.08135867466785829f,1.4274271728019903f,-1.2246467991473532e-16f,0.08135867466785829f,-0.9966848880445061f,-0.10068204396712443f,0f,0f,0f,1f],start_interpolation:0}
execute if entity @s[tag=aj.sully.bone.right_arm] run data modify entity @s {} merge value {transformation:[-1f,-1.4571047497230542e-17f,1.2159474660301748e-16f,-0.8124999999999999f,0f,0.9928964554325088f,0.11898163215202529f,1.4053300858899107f,-1.2246467991473532e-16f,0.11898163215202529f,-0.9928964554325088f,-0.1669733047033634f,0f,0f,0f,1f],start_interpolation:0}
execute if entity @s[tag=aj.sully.bone.torso] run data modify entity @s {} merge value {transformation:[-1f,0f,1.2246467991473532e-16f,2.0448332314802912e-17f,0f,1f,0f,1.051776695296637f,-1.2246467991473532e-16f,0f,-1f,-0.1669733047033633f,0f,0f,0f,1f],start_interpolation:0}