execute if entity @s[tag=aj.sully.bone.jaw] run data modify entity @s {} merge value {transformation:[-1f,0f,1.2246467991473532e-16f,-0.12499999999999997f,0f,1f,0f,1.2472737500000002f,-1.2246467991473532e-16f,0f,-1f,-0.1875593749999998f,0f,0f,0f,1f],start_interpolation:0}
execute if entity @s[tag=aj.sully.bone.h_head] run data modify entity @s {} merge value {transformation:[-1f,0f,1.2246467991473532e-16f,1.5308084989341894e-17f,0f,1f,0f,1.25f,-1.2246467991473532e-16f,0f,-1f,-0.12499999999999978f,0f,0f,0f,1f],start_interpolation:0}
execute if entity @s[tag=aj.sully.bone.left_leg_down] run data modify entity @s {} merge value {transformation:[-1f,1.195617780139768e-16f,2.6506208041798683e-17f,0.3125f,0f,0.2164396139381031f,-0.9762960071199334f,0.0076972158248294065f,-1.2246467991473532e-16f,-0.9762960071199334f,-0.2164396139381031f,0.13358407639156822f,0f,0f,0f,1f],start_interpolation:0}
execute if entity @s[tag=aj.sully.bone.left_leg] run data modify entity @s {} merge value {transformation:[-1f,1.195617780139768e-16f,2.6506208041798683e-17f,0.3062500000000001f,0f,0.2164396139381031f,-0.9762960071199334f,0.3124999999999999f,-1.2246467991473532e-16f,-0.9762960071199334f,-0.2164396139381031f,-0.37499999999999994f,0f,0f,0f,1f],start_interpolation:0}
execute if entity @s[tag=aj.sully.bone.right_leg_down] run data modify entity @s {} merge value {transformation:[-1f,1.2060416625018976e-16f,2.126576849575774e-17f,-0.25f,0f,0.17364817766693055f,-0.984807753012208f,0.030171446372562444f,-1.2246467991473532e-16f,-0.984807753012208f,-0.17364817766693055f,0.14639532775681746f,0f,0f,0f,1f],start_interpolation:0}
execute if entity @s[tag=aj.sully.bone.right_leg] run data modify entity @s {} merge value {transformation:[-1f,1.2060416625018976e-16f,2.126576849575774e-17f,-0.24999999999999994f,0f,0.17364817766693055f,-0.984807753012208f,0.3124999999999999f,-1.2246467991473532e-16f,-0.984807753012208f,-0.17364817766693055f,-0.37500000000000006f,0f,0f,0f,1f],start_interpolation:0}
execute if entity @s[tag=aj.sully.bone.left_arm] run data modify entity @s {} merge value {transformation:[-1f,4.188538737676991e-17f,1.1507915602278503e-16f,0.6875f,0f,0.9396926207859084f,-0.34202014332566866f,1.0625f,-1.2246467991473532e-16f,-0.34202014332566866f,-0.9396926207859084f,-0.18749999999999978f,0f,0f,0f,1f],start_interpolation:0}
execute if entity @s[tag=aj.sully.bone.right_arm] run data modify entity @s {} merge value {transformation:[-1f,5.1755810150196545e-17f,1.1099069304367547e-16f,-0.8124999999999999f,0f,0.9063077870366502f,-0.42261826174069905f,0.9374999999999999f,-1.2246467991473532e-16f,-0.42261826174069905f,-0.9063077870366502f,-0.375f,0f,0f,0f,1f],start_interpolation:0}
execute if entity @s[tag=aj.sully.bone.torso] run data modify entity @s {} merge value {transformation:[-1f,0f,1.2246467991473532e-16f,3.827021247335476e-17f,0f,1f,0f,0.6874999999999999f,-1.2246467991473532e-16f,0f,-1f,-0.3124999999999999f,0f,0f,0f,1f],start_interpolation:0}