execute if entity @s[tag=aj.sully.bone.jaw] run data modify entity @s {} merge value {transformation:[-1f,3.8351505321912476e-17f,1.163045995056167e-16f,-0.12499999999999996f,0f,0.9496991262018771f,-0.3131638064837494f,1.1859223751505326f,-1.2246467991473532e-16f,-0.3131638064837494f,-0.9496991262018771f,-0.33306102158180845f,0f,0f,0f,1f],start_interpolation:0}
execute if entity @s[tag=aj.sully.bone.h_head] run data modify entity @s {} merge value {transformation:[-1f,4.0879550169406843e-17f,1.1544028848095246e-16f,3.367778697655218e-17f,0f,0.9426414910921785f,-0.33380685923377074f,1.209375f,-1.2246467991473532e-16f,-0.33380685923377074f,-0.9426414910921785f,-0.2749999999999997f,0f,0f,0f,1f],start_interpolation:0}
execute if entity @s[tag=aj.sully.bone.left_leg_down] run data modify entity @s {} merge value {transformation:[-1f,1.211391846720119e-16f,1.7969300587913152e-17f,0.3125f,0f,0.14673047445536197f,-0.989176509964781f,0.003868512500462412f,-1.2246467991473532e-16f,-0.989176509964781f,-0.14673047445536197f,0.15389982289480902f,0f,0f,0f,1f],start_interpolation:0}
execute if entity @s[tag=aj.sully.bone.left_leg] run data modify entity @s {} merge value {transformation:[-1f,1.211391846720119e-16f,1.7969300587913152e-17f,0.3062500000000001f,0f,0.14673047445536197f,-0.989176509964781f,0.271875f,-1.2246467991473532e-16f,-0.989176509964781f,-0.14673047445536197f,-0.37499999999999994f,0f,0f,0f,1f],start_interpolation:0}
execute if entity @s[tag=aj.sully.bone.right_leg_down] run data modify entity @s {} merge value {transformation:[-1f,1.2161581071440516e-16f,1.439417975768514e-17f,-0.25f,0f,0.11753739745783787f,-0.9930684569549263f,0.019559878250917512f,-1.2246467991473532e-16f,-0.9930684569549263f,-0.11753739745783787f,0.16156274501380133f,0f,0f,0f,1f],start_interpolation:0}
execute if entity @s[tag=aj.sully.bone.right_leg] run data modify entity @s {} merge value {transformation:[-1f,1.2161581071440516e-16f,1.439417975768514e-17f,-0.24999999999999994f,0f,0.11753739745783787f,-0.9930684569549263f,0.271875f,-1.2246467991473532e-16f,-0.9930684569549263f,-0.11753739745783787f,-0.37500000000000006f,0f,0f,0f,1f],start_interpolation:0}
execute if entity @s[tag=aj.sully.bone.left_arm] run data modify entity @s {} merge value {transformation:[-1f,8.583662870175383e-17f,8.734798795470808e-17f,0.6875000000000001f,0f,0.7132504491541817f,-0.7009092642998508f,1.021875f,-1.2246467991473532e-16f,-0.7009092642998508f,-0.7132504491541817f,-0.4062499999999997f,0f,0f,0f,1f],start_interpolation:0}
execute if entity @s[tag=aj.sully.bone.right_arm] run data modify entity @s {} merge value {transformation:[-1f,9.136567763495866e-17f,8.154698508788288e-17f,-0.8124999999999999f,0f,0.6658816660008343f,-0.7460573750616994f,0.896875f,-1.2246467991473532e-16f,-0.7460573750616994f,-0.6658816660008343f,-0.46875f,0f,0f,0f,1f],start_interpolation:0}
execute if entity @s[tag=aj.sully.bone.torso] run data modify entity @s {} merge value {transformation:[-1f,2.0739332782589993e-17f,1.2069580731057547e-16f,4.286263797015733e-17f,0f,0.9855560590580779f,-0.16934950384902425f,0.628125f,-1.2246467991473532e-16f,-0.16934950384902425f,-0.9855560590580779f,-0.3499999999999999f,0f,0f,0f,1f],start_interpolation:0}