execute if entity @s[tag=aj.sully.bone.jaw] run data modify entity @s {} merge value {transformation:[-1f,1.1719139191294432e-16f,3.554962008412001e-17f,-0.1249999999999999f,0f,0.29028467725446255f,-0.9569403357322089f,0.9380105394322604f,-1.2246467991473532e-16f,-0.9569403357322089f,-0.29028467725446255f,-0.8369802028759242f,0f,0f,0f,1f],start_interpolation:0}
execute if entity @s[tag=aj.sully.bone.h_head] run data modify entity @s {} merge value {transformation:[-1f,1.2036502195689097e-16f,2.2580064568900922e-17f,1.0141606305439017e-16f,0f,0.1843802195426636f,-0.9828549916653012f,1f,-1.2246467991473532e-16f,-0.9828549916653012f,-0.1843802195426636f,-0.8281249999999998f,0f,0f,0f,1f],start_interpolation:0}
execute if entity @s[tag=aj.sully.bone.left_leg_down] run data modify entity @s {} merge value {transformation:[-1f,1.220550648673427e-16f,1.0007945186068064e-17f,0.3125f,0f,0.08172107413366846f,-0.9966552393091803f,0.0015340384293400788f,-1.2246467991473532e-16f,-0.9966552393091803f,-0.08172107413366846f,0.17029587071135116f,0f,0f,0f,1f],start_interpolation:0}
execute if entity @s[tag=aj.sully.bone.left_leg] run data modify entity @s {} merge value {transformation:[-1f,1.220550648673427e-16f,1.0007945186068064e-17f,0.3062500000000001f,0f,0.08172107413366846f,-0.9966552393091803f,0.2343749999999999f,-1.2246467991473532e-16f,-0.9966552393091803f,-0.08172107413366846f,-0.37499999999999994f,0f,0f,0f,1f],start_interpolation:0}
execute if entity @s[tag=aj.sully.bone.right_leg_down] run data modify entity @s {} merge value {transformation:[-1f,1.2220247363447802e-16f,8.009573286591568e-18f,-0.25f,0f,0.06540312923014328f,-0.9978589232386035f,0.010487191700806142f,-1.2246467991473532e-16f,-0.9978589232386035f,-0.06540312923014328f,0.17403255759106248f,0f,0f,0f,1f],start_interpolation:0}
execute if entity @s[tag=aj.sully.bone.right_leg] run data modify entity @s {} merge value {transformation:[-1f,1.2220247363447802e-16f,8.009573286591568e-18f,-0.24999999999999994f,0f,0.06540312923014328f,-0.9978589232386035f,0.2343749999999999f,-1.2246467991473532e-16f,-0.9978589232386035f,-0.06540312923014328f,-0.37500000000000006f,0f,0f,0f,1f],start_interpolation:0}
execute if entity @s[tag=aj.sully.bone.left_arm] run data modify entity @s {} merge value {transformation:[-1f,1.098352332160518e-16f,5.4164742877577547e-17f,0.6875000000000001f,0f,0.4422886902190015f,-0.8968727415326881f,0.8125f,-1.2246467991473532e-16f,-0.8968727415326881f,-0.4422886902190015f,-0.7812499999999998f,0f,0f,0f,1f],start_interpolation:0}
execute if entity @s[tag=aj.sully.bone.right_arm] run data modify entity @s {} merge value {transformation:[-1f,1.0605752387249068e-16f,6.123233995736767e-17f,-0.8124999999999999f,0f,0.5000000000000001f,-0.8660254037844386f,0.703125f,-1.2246467991473532e-16f,-0.8660254037844386f,-0.5000000000000001f,-0.828125f,0f,0f,0f,1f],start_interpolation:0}
execute if entity @s[tag=aj.sully.bone.torso] run data modify entity @s {} merge value {transformation:[-1f,8.938257004420552e-17f,8.371591245940803e-17f,6.505936120470312e-17f,0f,0.6835923020228714f,-0.7298640726978355f,0.46874999999999994f,-1.2246467991473532e-16f,-0.7298640726978355f,-0.6835923020228714f,-0.53125f,0f,0f,0f,1f],start_interpolation:0}