execute if entity @s[tag=aj.sully.bone.jaw] run data modify entity @s {} merge value {transformation:[-1f,1.2978173103608622e-17f,1.2177505840487758e-16f,-0.12499999999999996f,0f,0.9943688130297005f,-0.1059748256611174f,1.20583435242715f,-1.2246467991473532e-16f,-0.1059748256611174f,-0.9943688130297005f,-0.2368486140471826f,0f,0f,0f,1f],start_interpolation:0}
execute if entity @s[tag=aj.sully.bone.h_head] run data modify entity @s {} merge value {transformation:[-1f,1.386339533940606e-17f,1.2167745927772288e-16f,2.143131898507867e-17f,0f,0.9935718556765875f,-0.11320321376790676f,1.2156249999999997f,-1.2246467991473532e-16f,-0.11320321376790676f,-0.9935718556765875f,-0.17499999999999982f,0f,0f,0f,1f],start_interpolation:0}
execute if entity @s[tag=aj.sully.bone.left_leg_down] run data modify entity @s {} merge value {transformation:[-1f,1.2093596672133856e-16f,1.9289628814310326e-17f,0.3125f,0f,0.15751177260039806f,-0.9875171094681249f,0.004365169887002501f,-1.2246467991473532e-16f,-0.9875171094681249f,-0.15751177260039806f,0.1509449167132456f,0f,0f,0f,1f],start_interpolation:0}
execute if entity @s[tag=aj.sully.bone.left_leg] run data modify entity @s {} merge value {transformation:[-1f,1.2093596672133856e-16f,1.9289628814310326e-17f,0.3062500000000001f,0f,0.15751177260039806f,-0.9875171094681249f,0.27812499999999984f,-1.2246467991473532e-16f,-0.9875171094681249f,-0.15751177260039806f,-0.37499999999999994f,0f,0f,0f,1f],start_interpolation:0}
execute if entity @s[tag=aj.sully.bone.right_leg_down] run data modify entity @s {} merge value {transformation:[-1f,1.2148556863635942e-16f,1.545491636078898e-17f,-0.25f,0f,0.12619896913582998f,-0.992004949679715f,0.021137151796148945f,-1.2246467991473532e-16f,-0.992004949679715f,-0.12619896913582998f,0.15934047748187144f,0f,0f,0f,1f],start_interpolation:0}
execute if entity @s[tag=aj.sully.bone.right_leg] run data modify entity @s {} merge value {transformation:[-1f,1.2148556863635942e-16f,1.545491636078898e-17f,-0.24999999999999994f,0f,0.12619896913582998f,-0.992004949679715f,0.27812499999999984f,-1.2246467991473532e-16f,-0.992004949679715f,-0.12619896913582998f,-0.37500000000000006f,0f,0f,0f,1f],start_interpolation:0}
execute if entity @s[tag=aj.sully.bone.left_arm] run data modify entity @s {} merge value {transformation:[-1f,8.114755210982675e-17f,9.172062261673503e-17f,0.6875f,0f,0.7489557207890022f,-0.6626200482157374f,1.0281249999999997f,-1.2246467991473532e-16f,-0.6626200482157374f,-0.7489557207890022f,-0.3437499999999997f,0f,0f,0f,1f],start_interpolation:0}
execute if entity @s[tag=aj.sully.bone.right_arm] run data modify entity @s {} merge value {transformation:[-1f,9.065057604975964e-17f,8.234118585777912e-17f,-0.8124999999999999f,0f,0.672366807434668f,-0.7402181274868321f,0.9031249999999998f,-1.2246467991473532e-16f,-0.7402181274868321f,-0.672366807434668f,-0.40625f,0f,0f,0f,1f],start_interpolation:0}
execute if entity @s[tag=aj.sully.bone.torso] run data modify entity @s {} merge value {transformation:[-1f,6.942864082423096e-18f,1.222677163643436e-16f,3.980102097228895e-17f,0f,0.9983916705573488f,-0.05669278756337737f,0.6468749999999999f,-1.2246467991473532e-16f,-0.05669278756337737f,-0.9983916705573488f,-0.32499999999999996f,0f,0f,0f,1f],start_interpolation:0}