execute if entity @s[tag=aj.sully.bone.jaw] run data modify entity @s {} merge value {transformation:[-1f,1.1950366594870424e-16f,-2.676698809053939e-17f,-0.12499999999999983f,0f,-0.21856904463536425f,-0.9758214860962962f,0.4938972199894157f,-1.2246467991473532e-16f,-0.9758214860962962f,0.21856904463536425f,-1.2878115875064364f,0f,0f,0f,1f],start_interpolation:0}
execute if entity @s[tag=aj.sully.bone.h_head] run data modify entity @s {} merge value {transformation:[-1f,1.1198545619072867e-16f,-4.956667659197014e-17f,1.6111759451282365e-16f,0f,-0.4047426296829452f,-0.9144306445637822f,0.55f,-1.2246467991473532e-16f,-0.9144306445637822f,0.4047426296829452f,-1.3156249999999998f,0f,0f,0f,1f],start_interpolation:0}
execute if entity @s[tag=aj.sully.bone.left_leg_down] run data modify entity @s {} merge value {transformation:[-1f,1.224482865366771e-16f,2.0037342264885325e-18f,0.3125f,0f,0.016361731626487002f,-0.9998661379095618f,0.00019662510205800676f,-1.2246467991473532e-16f,-0.9998661379095618f,-0.016361731626487002f,0.18435687789416222f,0f,0f,0f,1f],start_interpolation:0}
execute if entity @s[tag=aj.sully.bone.left_leg] run data modify entity @s {} merge value {transformation:[-1f,1.224482865366771e-16f,2.0037342264885325e-18f,0.3062500000000001f,0f,0.016361731626487002f,-0.9998661379095618f,0.1968749999999998f,-1.2246467991473532e-16f,-0.9998661379095618f,-0.016361731626487002f,-0.37499999999999994f,0f,0f,0f,1f],start_interpolation:0}
execute if entity @s[tag=aj.sully.bone.right_leg_down] run data modify entity @s {} merge value {transformation:[-1f,1.2245418806850857e-16f,1.6030131318580609e-18f,-0.25f,0f,0.013089595571344662f,-0.999914327574007f,0.002028166070992099f,-1.2246467991473532e-16f,-0.999914327574007f,-0.013089595571344662f,0.18499751009075174f,0f,0f,0f,1f],start_interpolation:0}
execute if entity @s[tag=aj.sully.bone.right_leg] run data modify entity @s {} merge value {transformation:[-1f,1.2245418806850857e-16f,1.6030131318580609e-18f,-0.24999999999999994f,0f,0.013089595571344662f,-0.999914327574007f,0.1968749999999998f,-1.2246467991473532e-16f,-0.999914327574007f,-0.013089595571344662f,-0.37500000000000006f,0f,0f,0f,1f],start_interpolation:0}
execute if entity @s[tag=aj.sully.bone.left_arm] run data modify entity @s {} merge value {transformation:[-1f,1.2195093171294713e-16f,1.1205716441293773e-17f,0.6875000000000001f,0f,0.09150161866340262f,-0.9958049275746618f,0.3625f,-1.2246467991473532e-16f,-0.9958049275746618f,-0.09150161866340262f,-1.1562499999999998f,0f,0f,0f,1f],start_interpolation:0}
execute if entity @s[tag=aj.sully.bone.right_arm] run data modify entity @s {} merge value {transformation:[-1f,1.217938055844715e-16f,1.2801044796052377e-17f,-0.8124999999999999f,0f,0.10452846326765368f,-0.9945218953682733f,0.290625f,-1.2246467991473532e-16f,-0.9945218953682733f,-0.10452846326765368f,-1.1656250000000001f,0f,0f,0f,1f],start_interpolation:0}
execute if entity @s[tag=aj.sully.bone.torso] run data modify entity @s {} merge value {transformation:[-1f,1.210797317266335e-16f,1.8365630716777502e-17f,9.261391418551857e-17f,0f,0.1499667555540452f,-0.9886910398241674f,0.2437499999999999f,-1.2246467991473532e-16f,-0.9886910398241674f,-0.1499667555540452f,-0.75625f,0f,0f,0f,1f],start_interpolation:0}