execute if entity @s[tag=aj.sully.bone.jaw] run data modify entity @s {} merge value {transformation:[-1f,0f,1.224646799147353e-16f,-0.12499999999999999f,0f,1f,0f,1.7312224715891769f,-1.2246467991473532e-16f,0f,-1f,-0.030034984773641263f,0f,0f,0f,1f],start_interpolation:0}
execute if entity @s[tag=aj.sully.bone.h_head] run data modify entity @s {} merge value {transformation:[-1f,0f,1.224646799147353e-16f,-3.983089038492969e-18f,0f,1f,0f,1.7339487215891767f,-1.2246467991473532e-16f,0f,-1f,0.03252439022635875f,0f,0f,0f,1f],start_interpolation:0}
execute if entity @s[tag=aj.sully.bone.left_leg_down] run data modify entity @s {} merge value {transformation:[-1f,2.7808821868738767e-17f,1.1926553254352797e-16f,0.31250000000000006f,0f,0.9738769792773335f,-0.22707626303437317f,0.3213353037094333f,-1.2246467991473532e-16f,-0.22707626303437317f,-0.9738769792773335f,0.030138226688246533f,0f,0f,0f,1f],start_interpolation:0}
execute if entity @s[tag=aj.sully.bone.left_leg] run data modify entity @s {} merge value {transformation:[-1f,6.238558211335862e-17f,1.0538328601346591e-16f,0.3062500000000001f,0f,0.860519833856079f,-0.5094169368408417f,0.8303082174595184f,-1.2246467991473532e-16f,-0.5094169368408417f,-0.860519833856079f,-0.06672204508139845f,0f,0f,0f,1f],start_interpolation:0}
execute if entity @s[tag=aj.sully.bone.right_leg_down] run data modify entity @s {} merge value {transformation:[-1f,2.126576849575772e-17f,1.2060416625018976e-16f,-0.24999999999999997f,0f,0.984807753012208f,-0.17364817766693036f,0.3391466417421765f,-1.2246467991473532e-16f,-0.17364817766693036f,-0.984807753012208f,0.06861546782452407f,0f,0f,0f,1f],start_interpolation:0}
execute if entity @s[tag=aj.sully.bone.right_leg] run data modify entity @s {} merge value {transformation:[-1f,6.123233995736765e-17f,1.0605752387249067e-16f,-0.24999999999999997f,0f,0.8660254037844386f,-0.4999999999999999f,0.8303082174595184f,-1.2246467991473532e-16f,-0.4999999999999999f,-0.8660254037844386f,-0.0667220450813985f,0f,0f,0f,1f],start_interpolation:0}
execute if entity @s[tag=aj.sully.bone.left_arm] run data modify entity @s {} merge value {transformation:[-1f,-4.985915956908675e-18f,1.2236314178987568e-16f,0.6875f,0f,0.9991708782897213f,0.040713093443595916f,1.605479015001312f,-1.2246467991473532e-16f,0.040713093443595916f,-0.9991708782897213f,-0.03264836185783618f,0f,0f,0f,1f],start_interpolation:0}
execute if entity @s[tag=aj.sully.bone.right_arm] run data modify entity @s {} merge value {transformation:[-1f,-7.298496576922296e-18f,1.222470031302822e-16f,-0.8125f,0f,0.9982225341657311f,0.059596747258097604f,1.6079557754353917f,-1.2246467991473532e-16f,0.059596747258097604f,-0.9982225341657311f,-0.06749902587951856f,0f,0f,0f,1f],start_interpolation:0}
execute if entity @s[tag=aj.sully.bone.torso] run data modify entity @s {} merge value {transformation:[-1f,0f,1.224646799147353e-16f,1.3370572310976879e-17f,0f,1f,0f,1.2186190425661827f,-1.2246467991473532e-16f,0f,-1f,-0.10917900834988514f,0f,0f,0f,1f],start_interpolation:0}