execute if entity @s[tag=aj.sully.bone.jaw] run data modify entity @s {} merge value {transformation:[-1f,1.0939843679466822e-16f,5.504161928487898e-17f,-0.12499999999999992f,0f,0.4494489294644064f,-0.8933060280795708f,1.0910204396697714f,-1.2246467991473532e-16f,-0.8933060280795708f,-0.4494489294644064f,-0.6866611427715742f,0f,0f,0f,1f],start_interpolation:0}
execute if entity @s[tag=aj.sully.bone.h_head] run data modify entity @s {} merge value {transformation:[-1f,1.1344691775567733e-16f,4.612368890662543e-17f,8.151555256824568e-17f,0f,0.376628501693211f,-0.926364383875118f,1.15f,-1.2246467991473532e-16f,-0.926364383875118f,-0.376628501693211f,-0.6656249999999998f,0f,0f,0f,1f],start_interpolation:0}
execute if entity @s[tag=aj.sully.bone.left_leg_down] run data modify entity @s {} merge value {transformation:[-1f,1.2180769689347808e-16f,1.2668180774095006e-17f,0.3125f,0f,0.10344354619564666f,-0.9946353265144312f,0.0021938815434927594f,-1.2246467991473532e-16f,-0.9946353265144312f,-0.10344354619564666f,0.16508670625268385f,0f,0f,0f,1f],start_interpolation:0}
execute if entity @s[tag=aj.sully.bone.left_leg] run data modify entity @s {} merge value {transformation:[-1f,1.2180769689347808e-16f,1.2668180774095006e-17f,0.3062500000000001f,0f,0.10344354619564666f,-0.9946353265144312f,0.24687499999999984f,-1.2246467991473532e-16f,-0.9946353265144312f,-0.10344354619564666f,-0.37499999999999994f,0f,0f,0f,1f],start_interpolation:0}
execute if entity @s[tag=aj.sully.bone.right_leg_down] run data modify entity @s {} merge value {transformation:[-1f,1.220440752774557e-16f,1.0141080627295113e-17f,-0.25f,0f,0.08280820751220457f,-0.9965655024977614f,0.013439351556054496f,-1.2246467991473532e-16f,-0.9965655024977614f,-0.08280820751220457f,0.17004155624645245f,0f,0f,0f,1f],start_interpolation:0}
execute if entity @s[tag=aj.sully.bone.right_leg] run data modify entity @s {} merge value {transformation:[-1f,1.220440752774557e-16f,1.0141080627295113e-17f,-0.24999999999999994f,0f,0.08280820751220457f,-0.9965655024977614f,0.24687499999999984f,-1.2246467991473532e-16f,-0.9965655024977614f,-0.08280820751220457f,-0.37500000000000006f,0f,0f,0f,1f],start_interpolation:0}
execute if entity @s[tag=aj.sully.bone.left_arm] run data modify entity @s {} merge value {transformation:[-1f,1.0241551639302031e-16f,6.714655485257278e-17f,0.6875000000000001f,0f,0.548293229519914f,-0.8362861558477593f,0.9624999999999999f,-1.2246467991473532e-16f,-0.8362861558477593f,-0.548293229519914f,-0.6562499999999998f,0f,0f,0f,1f],start_interpolation:0}
execute if entity @s[tag=aj.sully.bone.right_arm] run data modify entity @s {} merge value {transformation:[-1f,9.650348470981655e-17f,7.53967855115905e-17f,-0.8124999999999999f,0f,0.6156614753256586f,-0.7880107536067218f,0.840625f,-1.2246467991473532e-16f,-0.7880107536067218f,-0.6156614753256586f,-0.7156250000000001f,0f,0f,0f,1f],start_interpolation:0}
execute if entity @s[tag=aj.sully.bone.torso] run data modify entity @s {} merge value {transformation:[-1f,7.089792000393565e-17f,9.985530915146235e-17f,5.587451021109798e-17f,0f,0.8153804772199258f,-0.5789254506139855f,0.54375f,-1.2246467991473532e-16f,-0.5789254506139855f,-0.8153804772199258f,-0.45625f,0f,0f,0f,1f],start_interpolation:0}