execute if entity @s[tag=aj.sully.bone.jaw] run data modify entity @s {} merge value {transformation:[-1f,6.200198610958296e-17f,1.0560942924325296e-16f,-0.12499999999999996f,0f,0.8623664334629573f,-0.506284637764547f,1.1672125763849308f,-1.2246467991473532e-16f,-0.506284637764547f,-0.8623664334629573f,-0.42629722867314485f,0f,0f,0f,1f],start_interpolation:0}
execute if entity @s[tag=aj.sully.bone.h_head] run data modify entity @s {} merge value {transformation:[-1f,6.58002245545064e-17f,1.0328566345430089e-16f,4.5924254968025724e-17f,0f,0.8433914458128857f,-0.5372996083468236f,1.203125f,-1.2246467991473532e-16f,-0.5372996083468236f,-0.8433914458128857f,-0.3749999999999998f,0f,0f,0f,1f],start_interpolation:0}
execute if entity @s[tag=aj.sully.bone.left_leg_down] run data modify entity @s {} merge value {transformation:[-1f,1.213279882711374e-16f,1.6646834194444407e-17f,0.3125f,0f,0.1359317168512144f,-0.9907182083488126f,0.003403745205789399f,-1.2246467991473532e-16f,-0.9907182083488126f,-0.1359317168512144f,0.15679179528660447f,0f,0f,0f,1f],start_interpolation:0}
execute if entity @s[tag=aj.sully.bone.left_leg] run data modify entity @s {} merge value {transformation:[-1f,1.213279882711374e-16f,1.6646834194444407e-17f,0.3062500000000001f,0f,0.1359317168512144f,-0.9907182083488126f,0.2656249999999999f,-1.2246467991473532e-16f,-0.9907182083488126f,-0.1359317168512144f,-0.37499999999999994f,0f,0f,0f,1f],start_interpolation:0}
execute if entity @s[tag=aj.sully.bone.right_leg_down] run data modify entity @s {} merge value {transformation:[-1f,1.2173679127761025e-16f,1.3332346982063417e-17f,-0.25f,0f,0.10886687485196479f,-0.9940563382223196f,0.018001819479084774f,-1.2246467991473532e-16f,-0.9940563382223196f,-0.10886687485196479f,0.16374415121531127f,0f,0f,0f,1f],start_interpolation:0}
execute if entity @s[tag=aj.sully.bone.right_leg] run data modify entity @s {} merge value {transformation:[-1f,1.2173679127761025e-16f,1.3332346982063417e-17f,-0.24999999999999994f,0f,0.10886687485196479f,-0.9940563382223196f,0.2656249999999999f,-1.2246467991473532e-16f,-0.9940563382223196f,-0.10886687485196479f,-0.37500000000000006f,0f,0f,0f,1f],start_interpolation:0}
execute if entity @s[tag=aj.sully.bone.left_arm] run data modify entity @s {} merge value {transformation:[-1f,9.029043306084036e-17f,8.273593852918142e-17f,0.6875000000000001f,0f,0.6755902076156602f,-0.7372773368101241f,1.015625f,-1.2246467991473532e-16f,-0.7372773368101241f,-0.6755902076156602f,-0.4687499999999997f,0f,0f,0f,1f],start_interpolation:0}
execute if entity @s[tag=aj.sully.bone.right_arm] run data modify entity @s {} merge value {transformation:[-1f,9.207382137006918e-17f,8.074657419935023e-17f,-0.8124999999999999f,0f,0.6593458151000692f,-0.7518398074789773f,0.8906249999999999f,-1.2246467991473532e-16f,-0.7518398074789773f,-0.6593458151000692f,-0.53125f,0f,0f,0f,1f],start_interpolation:0}
execute if entity @s[tag=aj.sully.bone.torso] run data modify entity @s {} merge value {transformation:[-1f,3.426917063416142e-17f,1.17572198119561e-16f,4.592425496802572e-17f,0f,0.9600498543859287f,-0.27982901403099203f,0.6093749999999999f,-1.2246467991473532e-16f,-0.27982901403099203f,-0.9600498543859287f,-0.37499999999999994f,0f,0f,0f,1f],start_interpolation:0}