execute if entity @s[tag=aj.sully.bone.jaw] run data modify entity @s {} merge value {transformation:[-1f,0f,1.2246467991473532e-16f,-0.12499999999999997f,0f,1f,0f,1.2160237500000002f,-1.2246467991473532e-16f,0f,-1f,-0.1875593749999998f,0f,0f,0f,1f],start_interpolation:0}
execute if entity @s[tag=aj.sully.bone.h_head] run data modify entity @s {} merge value {transformation:[-1f,0f,1.2246467991473532e-16f,1.5308084989341894e-17f,0f,1f,0f,1.21875f,-1.2246467991473532e-16f,0f,-1f,-0.12499999999999978f,0f,0f,0f,1f],start_interpolation:0}
execute if entity @s[tag=aj.sully.bone.left_leg_down] run data modify entity @s {} merge value {transformation:[-1f,1.208289598537826e-16f,1.994894200882762e-17f,0.3125f,0f,0.16289547339458896f,-0.986643332084879f,0.004625671449628804f,-1.2246467991473532e-16f,-0.986643332084879f,-0.16289547339458896f,0.14944397303625898f,0f,0f,0f,1f],start_interpolation:0}
execute if entity @s[tag=aj.sully.bone.left_leg] run data modify entity @s {} merge value {transformation:[-1f,1.208289598537826e-16f,1.994894200882762e-17f,0.3062500000000001f,0f,0.16289547339458896f,-0.986643332084879f,0.2812499999999999f,-1.2246467991473532e-16f,-0.986643332084879f,-0.16289547339458896f,-0.37499999999999994f,0f,0f,0f,1f],start_interpolation:0}
execute if entity @s[tag=aj.sully.bone.right_leg_down] run data modify entity @s {} merge value {transformation:[-1f,1.2141697760125282e-16f,1.598484835071786e-17f,-0.25f,0f,0.1305261922200518f,-0.9914448613738104f,0.021933105368631328f,-1.2246467991473532e-16f,-0.9914448613738104f,-0.1305261922200518f,0.1582140734815085f,0f,0f,0f,1f],start_interpolation:0}
execute if entity @s[tag=aj.sully.bone.right_leg] run data modify entity @s {} merge value {transformation:[-1f,1.2141697760125282e-16f,1.598484835071786e-17f,-0.24999999999999994f,0f,0.1305261922200518f,-0.9914448613738104f,0.2812499999999999f,-1.2246467991473532e-16f,-0.9914448613738104f,-0.1305261922200518f,-0.37500000000000006f,0f,0f,0f,1f],start_interpolation:0}
execute if entity @s[tag=aj.sully.bone.left_arm] run data modify entity @s {} merge value {transformation:[-1f,7.871877887341983e-17f,9.381338752702732e-17f,0.6875f,0f,0.7660444431189781f,-0.642787609686539f,1.03125f,-1.2246467991473532e-16f,-0.642787609686539f,-0.7660444431189781f,-0.3124999999999998f,0f,0f,0f,1f],start_interpolation:0}
execute if entity @s[tag=aj.sully.bone.right_arm] run data modify entity @s {} merge value {transformation:[-1f,9.029043306084036e-17f,8.273593852918142e-17f,-0.8124999999999999f,0f,0.6755902076156602f,-0.7372773368101241f,0.9062499999999999f,-1.2246467991473532e-16f,-0.7372773368101241f,-0.6755902076156602f,-0.375f,0f,0f,0f,1f],start_interpolation:0}
execute if entity @s[tag=aj.sully.bone.torso] run data modify entity @s {} merge value {transformation:[-1f,0f,1.2246467991473532e-16f,3.827021247335476e-17f,0f,1f,0f,0.6562499999999999f,-1.2246467991473532e-16f,0f,-1f,-0.3124999999999999f,0f,0f,0f,1f],start_interpolation:0}