execute if entity @s[tag=aj.sully.bone.jaw] run data modify entity @s {} merge value {transformation:[-1f,1.2135805253979805e-16f,-1.642622629718057e-17f,-0.12499999999999985f,0f,-0.13413031666450392f,-0.9909637017325508f,0.5663929282185649f,-1.2246467991473532e-16f,-0.9909637017325508f,0.13413031666450392f,-1.212322358964087f,0f,0f,0f,1f],start_interpolation:0}
execute if entity @s[tag=aj.sully.bone.h_head] run data modify entity @s {} merge value {transformation:[-1f,1.1638799266004387e-16f,-3.809767697884148e-17f,1.511673392697514e-16f,0f,-0.3110911407710906f,-0.9503800829845612f,0.6250000000000001f,-1.2246467991473532e-16f,-0.9503800829845612f,0.3110911407710906f,-1.234375f,0f,0f,0f,1f],start_interpolation:0}
execute if entity @s[tag=aj.sully.bone.left_leg_down] run data modify entity @s {} merge value {transformation:[-1f,1.2241914455961537e-16f,3.339292127168961e-18f,0.3125f,0f,0.027267389499518603f,-0.9996281756082517f,0.0003568104799734906f,-1.2246467991473532e-16f,-0.9996281756082517f,-0.027267389499518603f,0.18217821324848188f,0f,0f,0f,1f],start_interpolation:0}
execute if entity @s[tag=aj.sully.bone.left_leg] run data modify entity @s {} merge value {transformation:[-1f,1.2241914455961537e-16f,3.339292127168961e-18f,0.3062500000000001f,0f,0.027267389499518603f,-0.9996281756082517f,0.2031249999999999f,-1.2246467991473532e-16f,-0.9996281756082517f,-0.027267389499518603f,-0.37499999999999994f,0f,0f,0f,1f],start_interpolation:0}
execute if entity @s[tag=aj.sully.bone.right_leg_down] run data modify entity @s {} merge value {transformation:[-1f,1.22435536637248e-16f,2.6715529131343048e-18f,-0.25f,0f,0.021814885034561343f,-0.9997620270799091f,0.003398747090576165f,-1.2246467991473532e-16f,-0.9997620270799091f,-0.021814885034561343f,0.18327584928846866f,0f,0f,0f,1f],start_interpolation:0}
execute if entity @s[tag=aj.sully.bone.right_leg] run data modify entity @s {} merge value {transformation:[-1f,1.22435536637248e-16f,2.6715529131343048e-18f,-0.24999999999999994f,0f,0.021814885034561343f,-0.9997620270799091f,0.2031249999999999f,-1.2246467991473532e-16f,-0.9997620270799091f,-0.021814885034561343f,-0.37500000000000006f,0f,0f,0f,1f],start_interpolation:0}
execute if entity @s[tag=aj.sully.bone.left_arm] run data modify entity @s {} merge value {transformation:[-1f,1.2103937601947863e-16f,1.8629741797293843e-17f,0.6875000000000001f,0f,0.15212338618991691f,-0.9883615104677607f,0.43750000000000006f,-1.2246467991473532e-16f,-0.9883615104677607f,-0.15212338618991691f,-1.0937499999999998f,0f,0f,0f,1f],start_interpolation:0}
execute if entity @s[tag=aj.sully.bone.right_arm] run data modify entity @s {} merge value {transformation:[-1f,1.2060416625018976e-16f,2.126576849575774e-17f,-0.8124999999999999f,0f,0.17364817766693055f,-0.984807753012208f,0.35937500000000006f,-1.2246467991473532e-16f,-0.984807753012208f,-0.17364817766693055f,-1.109375f,0f,0f,0f,1f],start_interpolation:0}
execute if entity @s[tag=aj.sully.bone.torso] run data modify entity @s {} merge value {transformation:[-1f,1.186305043244693e-16f,3.040396800321716e-17f,8.8021488688716e-17f,0f,0.2482672393737165f,-0.9686915803565931f,0.28125f,-1.2246467991473532e-16f,-0.9686915803565931f,-0.2482672393737165f,-0.71875f,0f,0f,0f,1f],start_interpolation:0}