execute if entity @s[tag=aj.sully.bone.jaw] run data modify entity @s {} merge value {transformation:[-1f,0f,1.224646799147353e-16f,-0.12499999999999997f,0f,0.9999999999999998f,0f,1.2439765079886966f,-1.2246467991473532e-16f,0f,-0.9999999999999998f,-0.13144436285594044f,0f,0f,0f,1f],start_interpolation:0}
execute if entity @s[tag=aj.sully.bone.h_head] run data modify entity @s {} merge value {transformation:[-1f,0f,1.224646799147353e-16f,8.435977988708173e-18f,0f,0.9999999999999998f,0f,1.2467027579886965f,-1.2246467991473532e-16f,0f,-0.9999999999999998f,-0.06888498785594044f,0f,0f,0f,1f],start_interpolation:0}
execute if entity @s[tag=aj.sully.bone.left_leg_down] run data modify entity @s {} merge value {transformation:[-1f,1.0270752265734562e-16f,6.669904509218565e-17f,0.3125f,0f,0.5446390350150274f,-0.8386705679454238f,0.09717454554952198f,-1.2246467991473532e-16f,-0.8386705679454238f,-0.5446390350150274f,0.14779676129791947f,0f,0f,0f,1f],start_interpolation:0}
execute if entity @s[tag=aj.sully.bone.left_leg] run data modify entity @s {} merge value {transformation:[-1f,1.1579262971420679e-16f,3.987059982602681e-17f,0.3062500000000001f,0f,0.32556815445715676f,-0.9455185755993167f,0.4308793634430713f,-1.2246467991473532e-16f,-0.9455185755993167f,-0.32556815445715676f,-0.2682456883765117f,0f,0f,0f,1f],start_interpolation:0}
execute if entity @s[tag=aj.sully.bone.right_leg_down] run data modify entity @s {} merge value {transformation:[-1f,1.0152782096024229e-16f,6.848137993413653e-17f,-0.25000000000000006f,0f,0.559192903470747f,-0.8290375725550414f,0.1196019128937881f,-1.2246467991473532e-16f,-0.8290375725550414f,-0.559192903470747f,0.15322884961364386f,0f,0f,0f,1f],start_interpolation:0}
execute if entity @s[tag=aj.sully.bone.right_leg] run data modify entity @s {} merge value {transformation:[-1f,1.164708318489092e-16f,3.784366730434151e-17f,-0.24999999999999997f,0f,0.3090169943749475f,-0.9510565162951534f,0.4308793634430713f,-1.2246467991473532e-16f,-0.9510565162951534f,-0.3090169943749475f,-0.2682456883765118f,0f,0f,0f,1f],start_interpolation:0}
execute if entity @s[tag=aj.sully.bone.left_arm] run data modify entity @s {} merge value {transformation:[-1f,-3.4194145489768163e-18f,1.2241693277794872e-16f,0.6875000000000001f,0f,0.9996101150403542f,0.027921638723569453f,1.0634443371031022f,-1.2246467991473532e-16f,0.027921638723569453f,-0.9996101150403542f,-0.1520871583475707f,0f,0f,0f,1f],start_interpolation:0}
execute if entity @s[tag=aj.sully.bone.right_arm] run data modify entity @s {} merge value {transformation:[-1f,-6.836162741346667e-18f,1.2227372859937e-16f,-0.8124999999999999f,0f,0.9984407641819809f,0.05582150499316432f,1.0591538905008373f,-1.2246467991473532e-16f,0.05582150499316432f,-0.9984407641819809f,-0.30068592034763975f,0f,0f,0f,1f],start_interpolation:0}
execute if entity @s[tag=aj.sully.bone.torso] run data modify entity @s {} merge value {transformation:[-1f,0f,1.224646799147353e-16f,3.0269582437101665e-17f,0f,0.9999999999999998f,0f,0.7788999247004935f,-1.2246467991473532e-16f,0f,-0.9999999999999998f,-0.24716989795079292f,0f,0f,0f,1f],start_interpolation:0}