execute if entity @s[tag=aj.sully.bone.jaw] run data modify entity @s {} merge value {transformation:[-1f,0f,1.2246467991473532e-16f,-0.12499999999999997f,0f,1f,0f,1.23477375f,-1.2246467991473532e-16f,0f,-1f,-0.1875593749999998f,0f,0f,0f,1f],start_interpolation:0}
execute if entity @s[tag=aj.sully.bone.h_head] run data modify entity @s {} merge value {transformation:[-1f,0f,1.2246467991473532e-16f,1.5308084989341894e-17f,0f,1f,0f,1.2374999999999998f,-1.2246467991473532e-16f,0f,-1f,-0.12499999999999978f,0f,0f,0f,1f],start_interpolation:0}
execute if entity @s[tag=aj.sully.bone.left_leg_down] run data modify entity @s {} merge value {transformation:[-1f,1.2011155542966555e-16f,2.3891673840167817e-17f,0.3125f,0f,0.1950903220161285f,-0.9807852804032304f,0.006364453790321967f,-1.2246467991473532e-16f,-0.9807852804032304f,-0.1950903220161285f,0.14011228484879304f,0f,0f,0f,1f],start_interpolation:0}
execute if entity @s[tag=aj.sully.bone.left_leg] run data modify entity @s {} merge value {transformation:[-1f,1.2011155542966555e-16f,2.3891673840167817e-17f,0.3062500000000001f,0f,0.1950903220161285f,-0.9807852804032304f,0.29999999999999993f,-1.2246467991473532e-16f,-0.9807852804032304f,-0.1950903220161285f,-0.37499999999999994f,0f,0f,0f,1f],start_interpolation:0}
execute if entity @s[tag=aj.sully.bone.right_leg_down] run data modify entity @s {} merge value {transformation:[-1f,1.2095693648649962e-16f,1.9157696688784753e-17f,-0.25f,0f,0.1564344650402311f,-0.9876883405951378f,0.026814049553281594f,-1.2246467991473532e-16f,-0.9876883405951378f,-0.1564344650402311f,0.15124322938972165f,0f,0f,0f,1f],start_interpolation:0}
execute if entity @s[tag=aj.sully.bone.right_leg] run data modify entity @s {} merge value {transformation:[-1f,1.2095693648649962e-16f,1.9157696688784753e-17f,-0.24999999999999994f,0f,0.1564344650402311f,-0.9876883405951378f,0.29999999999999993f,-1.2246467991473532e-16f,-0.9876883405951378f,-0.1564344650402311f,-0.37500000000000006f,0f,0f,0f,1f],start_interpolation:0}
execute if entity @s[tag=aj.sully.bone.left_arm] run data modify entity @s {} merge value {transformation:[-1f,5.749368466564467e-17f,1.0812989434095454e-16f,0.6875f,0f,0.882947592858927f,-0.46947156278589064f,1.0499999999999998f,-1.2246467991473532e-16f,-0.46947156278589064f,-0.882947592858927f,-0.23749999999999982f,0f,0f,0f,1f],start_interpolation:0}
execute if entity @s[tag=aj.sully.bone.right_arm] run data modify entity @s {} merge value {transformation:[-1f,6.848137993413648e-17f,1.0152782096024236e-16f,-0.8124999999999999f,0f,0.8290375725550418f,-0.5591929034707467f,0.9249999999999999f,-1.2246467991473532e-16f,-0.5591929034707467f,-0.8290375725550418f,-0.375f,0f,0f,0f,1f],start_interpolation:0}
execute if entity @s[tag=aj.sully.bone.torso] run data modify entity @s {} merge value {transformation:[-1f,0f,1.2246467991473532e-16f,3.827021247335476e-17f,0f,1f,0f,0.6749999999999999f,-1.2246467991473532e-16f,0f,-1f,-0.3124999999999999f,0f,0f,0f,1f],start_interpolation:0}