execute if entity @s[tag=aj.sully.bone.jaw] run data modify entity @s {} merge value {transformation:[-1f,0f,1.2246467991473532e-16f,-0.12499999999999997f,0f,1f,0f,1.2378987500000003f,-1.2246467991473532e-16f,0f,-1f,-0.1875593749999998f,0f,0f,0f,1f],start_interpolation:0}
execute if entity @s[tag=aj.sully.bone.h_head] run data modify entity @s {} merge value {transformation:[-1f,0f,1.2246467991473532e-16f,1.5308084989341894e-17f,0f,1f,0f,1.240625f,-1.2246467991473532e-16f,0f,-1f,-0.12499999999999978f,0f,0f,0f,1f],start_interpolation:0}
execute if entity @s[tag=aj.sully.bone.left_leg_down] run data modify entity @s {} merge value {transformation:[-1f,1.1997946068685106e-16f,2.454642214073034e-17f,0.3125f,0f,0.20043674762242072f,-0.9797066449721294f,0.0066843335301140505f,-1.2246467991473532e-16f,-0.9797066449721294f,-0.20043674762242072f,0.13850309761761898f,0f,0f,0f,1f],start_interpolation:0}
execute if entity @s[tag=aj.sully.bone.left_leg] run data modify entity @s {} merge value {transformation:[-1f,1.1997946068685106e-16f,2.454642214073034e-17f,0.3062500000000001f,0f,0.20043674762242072f,-0.9797066449721294f,0.303125f,-1.2246467991473532e-16f,-0.9797066449721294f,-0.20043674762242072f,-0.37499999999999994f,0f,0f,0f,1f],start_interpolation:0}
execute if entity @s[tag=aj.sully.bone.right_leg_down] run data modify entity @s {} merge value {transformation:[-1f,1.2087219410780557e-16f,1.9685286845345936e-17f,-0.25f,0f,0.16074256560382633f,-0.9869963665602319f,0.027645488117804207f,-1.2246467991473532e-16f,-0.9869963665602319f,-0.16074256560382633f,0.15004622513941296f,0f,0f,0f,1f],start_interpolation:0}
execute if entity @s[tag=aj.sully.bone.right_leg] run data modify entity @s {} merge value {transformation:[-1f,1.2087219410780557e-16f,1.9685286845345936e-17f,-0.24999999999999994f,0f,0.16074256560382633f,-0.9869963665602319f,0.303125f,-1.2246467991473532e-16f,-0.9869963665602319f,-0.16074256560382633f,-0.37500000000000006f,0f,0f,0f,1f],start_interpolation:0}
execute if entity @s[tag=aj.sully.bone.left_arm] run data modify entity @s {} merge value {transformation:[-1f,5.3684982175379806e-17f,1.1007052518929729e-16f,0.6875f,0f,0.898794046299167f,-0.4383711467890773f,1.053125f,-1.2246467991473532e-16f,-0.4383711467890773f,-0.898794046299167f,-0.22499999999999987f,0f,0f,0f,1f],start_interpolation:0}
execute if entity @s[tag=aj.sully.bone.right_arm] run data modify entity @s {} merge value {transformation:[-1f,6.444261972670316e-17f,1.0413811304886463e-16f,-0.8124999999999999f,0f,0.8503522249955631f,-0.5262139236518694f,0.928125f,-1.2246467991473532e-16f,-0.5262139236518694f,-0.8503522249955631f,-0.375f,0f,0f,0f,1f],start_interpolation:0}
execute if entity @s[tag=aj.sully.bone.torso] run data modify entity @s {} merge value {transformation:[-1f,0f,1.2246467991473532e-16f,3.827021247335476e-17f,0f,1f,0f,0.678125f,-1.2246467991473532e-16f,0f,-1f,-0.3124999999999999f,0f,0f,0f,1f],start_interpolation:0}