execute if entity @s[tag=aj.sully.bone.jaw] run data modify entity @s {} merge value {transformation:[-1f,0f,1.2246467991473532e-16f,-0.12499999999999997f,0f,1f,0f,1.24414875f,-1.2246467991473532e-16f,0f,-1f,-0.1875593749999998f,0f,0f,0f,1f],start_interpolation:0}
execute if entity @s[tag=aj.sully.bone.h_head] run data modify entity @s {} merge value {transformation:[-1f,0f,1.2246467991473532e-16f,1.5308084989341894e-17f,0f,1f,0f,1.2468749999999997f,-1.2246467991473532e-16f,0f,-1f,-0.12499999999999978f,0f,0f,0f,1f],start_interpolation:0}
execute if entity @s[tag=aj.sully.bone.left_leg_down] run data modify entity @s {} merge value {transformation:[-1f,1.1970456789028957e-16f,2.5853708685943584e-17f,0.3125f,0f,0.2111115523589654f,-0.9774619749435719f,0.00735063149616208f,-1.2246467991473532e-16f,-0.9774619749435719f,-0.2111115523589654f,0.1352389448384532f,0f,0f,0f,1f],start_interpolation:0}
execute if entity @s[tag=aj.sully.bone.left_leg] run data modify entity @s {} merge value {transformation:[-1f,1.1970456789028957e-16f,2.5853708685943584e-17f,0.3062500000000001f,0f,0.2111115523589654f,-0.9774619749435719f,0.30937499999999984f,-1.2246467991473532e-16f,-0.9774619749435719f,-0.2111115523589654f,-0.37499999999999994f,0f,0f,0f,1f],start_interpolation:0}
execute if entity @s[tag=aj.sully.bone.right_leg_down] run data modify entity @s {} merge value {transformation:[-1f,1.2069580731057547e-16f,2.0739332782590064e-17f,-0.25f,0f,0.16934950384902484f,-0.9855560590580777f,0.02932414301153377f,-1.2246467991473532e-16f,-0.9855560590580777f,-0.16934950384902484f,0.14762225124847653f,0f,0f,0f,1f],start_interpolation:0}
execute if entity @s[tag=aj.sully.bone.right_leg] run data modify entity @s {} merge value {transformation:[-1f,1.2069580731057547e-16f,2.0739332782590064e-17f,-0.24999999999999994f,0f,0.16934950384902484f,-0.9855560590580777f,0.30937499999999984f,-1.2246467991473532e-16f,-0.9855560590580777f,-0.16934950384902484f,-0.37500000000000006f,0f,0f,0f,1f],start_interpolation:0}
execute if entity @s[tag=aj.sully.bone.left_arm] run data modify entity @s {} merge value {transformation:[-1f,4.5876076556629017e-17f,1.1354727397163214e-16f,0.6875f,0f,0.9271838545667875f,-0.3746065934159116f,1.0593749999999997f,-1.2246467991473532e-16f,-0.3746065934159116f,-0.9271838545667875f,-0.19999999999999973f,0f,0f,0f,1f],start_interpolation:0}
execute if entity @s[tag=aj.sully.bone.right_arm] run data modify entity @s {} merge value {transformation:[-1f,5.607338245610477e-17f,1.0887319967076367e-16f,-0.8124999999999999f,0f,0.8890171414857364f,-0.4578739151169565f,0.9343749999999998f,-1.2246467991473532e-16f,-0.4578739151169565f,-0.8890171414857364f,-0.375f,0f,0f,0f,1f],start_interpolation:0}
execute if entity @s[tag=aj.sully.bone.torso] run data modify entity @s {} merge value {transformation:[-1f,0f,1.2246467991473532e-16f,3.827021247335476e-17f,0f,1f,0f,0.6843749999999998f,-1.2246467991473532e-16f,0f,-1f,-0.3124999999999999f,0f,0f,0f,1f],start_interpolation:0}