execute if entity @s[tag=aj.sully.bone.jaw] run data modify entity @s {} merge value {transformation:[-1f,1.1555871370031168e-16f,4.054357550275967e-17f,-0.1249999999999999f,0f,0.3310634178849583f,-0.9436085063935835f,0.9760327150879096f,-1.2246467991473532e-16f,-0.9436085063935835f,-0.3310634178849583f,-0.7994532725639889f,0f,0f,0f,1f],start_interpolation:0}
execute if entity @s[tag=aj.sully.bone.h_head] run data modify entity @s {} merge value {transformation:[-1f,1.1908097106021811e-16f,2.85888117621924e-17f,9.644093543285404e-17f,0f,0.23344536385590564f,-0.9723699203976766f,1.0375f,-1.2246467991473532e-16f,-0.9723699203976766f,-0.23344536385590564f,-0.7874999999999999f,0f,0f,0f,1f],start_interpolation:0}
execute if entity @s[tag=aj.sully.bone.left_leg_down] run data modify entity @s {} merge value {transformation:[-1f,1.2199866483456202e-16f,1.0673500138323001e-17f,0.3125f,0f,0.0871557427476584f,-0.9961946980917455f,0.001688388812239816f,-1.2246467991473532e-16f,-0.9961946980917455f,-0.0871557427476584f,0.16901781591142095f,0f,0f,0f,1f],start_interpolation:0}
execute if entity @s[tag=aj.sully.bone.left_leg] run data modify entity @s {} merge value {transformation:[-1f,1.2199866483456202e-16f,1.0673500138323001e-17f,0.3062500000000001f,0f,0.0871557427476584f,-0.9961946980917455f,0.23749999999999993f,-1.2246467991473532e-16f,-0.9961946980917455f,-0.0871557427476584f,-0.37499999999999994f,0f,0f,0f,1f],start_interpolation:0}
execute if entity @s[tag=aj.sully.bone.right_leg_down] run data modify entity @s {} merge value {transformation:[-1f,1.221663621095163e-16f,8.542704229054971e-18f,-0.25f,0f,0.06975647374412552f,-0.9975640502598242f,0.011218724095212296f,-1.2246467991473532e-16f,-0.9975640502598242f,-0.06975647374412552f,0.17305043944412743f,0f,0f,0f,1f],start_interpolation:0}
execute if entity @s[tag=aj.sully.bone.right_leg] run data modify entity @s {} merge value {transformation:[-1f,1.221663621095163e-16f,8.542704229054971e-18f,-0.24999999999999994f,0f,0.06975647374412552f,-0.9975640502598242f,0.23749999999999993f,-1.2246467991473532e-16f,-0.9975640502598242f,-0.06975647374412552f,-0.37500000000000006f,0f,0f,0f,1f],start_interpolation:0}
execute if entity @s[tag=aj.sully.bone.left_arm] run data modify entity @s {} merge value {transformation:[-1f,1.0812989434095453e-16f,5.749368466564471e-17f,0.6875000000000001f,0f,0.469471562785891f,-0.8829475928589269f,0.8500000000000001f,-1.2246467991473532e-16f,-0.8829475928589269f,-0.469471562785891f,-0.7499999999999998f,0f,0f,0f,1f],start_interpolation:0}
execute if entity @s[tag=aj.sully.bone.right_arm] run data modify entity @s {} merge value {transformation:[-1f,1.0385593864809737e-16f,6.489639307497151e-17f,-0.8124999999999999f,0f,0.5299192642332051f,-0.8480480961564258f,0.7375f,-1.2246467991473532e-16f,-0.8480480961564258f,-0.5299192642332051f,-0.7999999999999999f,0f,0f,0f,1f],start_interpolation:0}
execute if entity @s[tag=aj.sully.bone.torso] run data modify entity @s {} merge value {transformation:[-1f,8.507111498835271e-17f,8.809371839840256e-17f,6.276314845630182e-17f,0f,0.7193398003386513f,-0.6946583704589971f,0.4875f,-1.2246467991473532e-16f,-0.6946583704589971f,-0.7193398003386513f,-0.5125f,0f,0f,0f,1f],start_interpolation:0}