execute if entity @s[tag=aj.sully.bone.jaw] run data modify entity @s {} merge value {transformation:[-1f,1.1371333310850974e-16f,4.5462904658322085e-17f,-0.1249999999999999f,0f,0.37123278883327937f,-0.9285398303223539f,1.0142096238830636f,-1.2246467991473532e-16f,-0.9285398303223539f,-0.37123278883327937f,-0.7618962519789297f,0f,0f,0f,1f],start_interpolation:0}
execute if entity @s[tag=aj.sully.bone.h_head] run data modify entity @s {} merge value {transformation:[-1f,1.1749715464545256e-16f,3.452559162188516e-17f,9.146580781131793e-17f,0f,0.2819228502938417f,-0.9594370779171483f,1.0750000000000002f,-1.2246467991473532e-16f,-0.9594370779171483f,-0.2819228502938417f,-0.7468749999999998f,0f,0f,0f,1f],start_interpolation:0}
execute if entity @s[tag=aj.sully.bone.left_leg_down] run data modify entity @s {} merge value {transformation:[-1f,1.219386356195183e-16f,1.1338737578272054e-17f,0.3125f,0f,0.09258781867691586f,-0.995704522352214f,0.00184975405319468f,-1.2246467991473532e-16f,-0.995704522352214f,-0.09258781867691586f,0.1677235778211987f,0f,0f,0f,1f],start_interpolation:0}
execute if entity @s[tag=aj.sully.bone.left_leg] run data modify entity @s {} merge value {transformation:[-1f,1.219386356195183e-16f,1.1338737578272054e-17f,0.3062500000000001f,0f,0.09258781867691586f,-0.995704522352214f,0.24062499999999998f,-1.2246467991473532e-16f,-0.995704522352214f,-0.09258781867691586f,-0.37499999999999994f,0f,0f,0f,1f],start_interpolation:0}
execute if entity @s[tag=aj.sully.bone.right_leg_down] run data modify entity @s {} merge value {transformation:[-1f,1.2212792471311907e-16f,9.075672530743898e-18f,-0.25f,0f,0.07410849019539947f,-0.9972501850994857f,0.011954564558934178f,-1.2246467991473532e-16f,-0.9972501850994857f,-0.07410849019539947f,0.17205788720682325f,0f,0f,0f,1f],start_interpolation:0}
execute if entity @s[tag=aj.sully.bone.right_leg] run data modify entity @s {} merge value {transformation:[-1f,1.2212792471311907e-16f,9.075672530743898e-18f,-0.24999999999999994f,0f,0.07410849019539947f,-0.9972501850994857f,0.24062499999999998f,-1.2246467991473532e-16f,-0.9972501850994857f,-0.07410849019539947f,-0.37500000000000006f,0f,0f,0f,1f],start_interpolation:0}
execute if entity @s[tag=aj.sully.bone.left_arm] run data modify entity @s {} merge value {transformation:[-1f,1.0632368991876547e-16f,6.076899529099348e-17f,0.6875000000000001f,0f,0.4962165036752083f,-0.8681988144891422f,0.8875000000000001f,-1.2246467991473532e-16f,-0.8681988144891422f,-0.4962165036752083f,-0.7187499999999998f,0f,0f,0f,1f],start_interpolation:0}
execute if entity @s[tag=aj.sully.bone.right_arm] run data modify entity @s {} merge value {transformation:[-1f,1.0152782096024232e-16f,6.848137993413653e-17f,-0.8124999999999999f,0f,0.5591929034707471f,-0.8290375725550415f,0.7718750000000001f,-1.2246467991473532e-16f,-0.8290375725550415f,-0.5591929034707471f,-0.771875f,0f,0f,0f,1f],start_interpolation:0}
execute if entity @s[tag=aj.sully.bone.torso] run data modify entity @s {} merge value {transformation:[-1f,8.054550827894716e-17f,9.224976380839483e-17f,6.046693570790054e-17f,0f,0.7532764865153178f,-0.6577039872641326f,0.5062500000000001f,-1.2246467991473532e-16f,-0.6577039872641326f,-0.7532764865153178f,-0.49374999999999997f,0f,0f,0f,1f],start_interpolation:0}