execute if entity @s[tag=aj.sully.bone.jaw] run data modify entity @s {} merge value {transformation:[-1f,0f,1.2246467991473532e-16f,-0.12499999999999997f,0f,1.0000000000000002f,0f,1.2347652258479003f,-1.2246467991473532e-16f,0f,-1.0000000000000002f,-0.16586712543019871f,0f,0f,0f,1f],start_interpolation:0}
execute if entity @s[tag=aj.sully.bone.h_head] run data modify entity @s {} merge value {transformation:[-1f,0f,1.2246467991473532e-16f,1.2651550589145653e-17f,0f,1.0000000000000002f,0f,1.2374914758479f,-1.2246467991473532e-16f,0f,-1.0000000000000002f,-0.10330775043019869f,0f,0f,0f,1f],start_interpolation:0}
execute if entity @s[tag=aj.sully.bone.left_leg_down] run data modify entity @s {} merge value {transformation:[-1f,1.1671602169247763e-16f,3.708056238650756e-17f,0.3125f,0f,0.30278576984257416f,-0.9530586433062973f,0.026363783200845814f,-1.2246467991473532e-16f,-0.9530586433062973f,-0.30278576984257416f,0.1388022660118734f,0f,0f,0f,1f],start_interpolation:0}
execute if entity @s[tag=aj.sully.bone.left_leg] run data modify entity @s {} merge value {transformation:[-1f,1.1876203696345082e-16f,2.988605699838178e-17f,0.3062500000000001f,0f,0.24403817508190623f,-0.9697656258615754f,0.34128956589464393f,-1.2246467991473532e-16f,-0.9697656258615754f,-0.24403817508190623f,-0.3462468420172383f,0f,0f,0f,1f],start_interpolation:0}
execute if entity @s[tag=aj.sully.bone.right_leg_down] run data modify entity @s {} merge value {transformation:[-1f,1.177206059073819e-16f,3.375584055267275e-17f,-0.25000000000000006f,0f,0.27563735581699866f,-0.9612616959383192f,0.04816198367074476f,-1.2246467991473532e-16f,-0.9612616959383192f,-0.27563735581699866f,0.1489076918543158f,0f,0f,0f,1f],start_interpolation:0}
execute if entity @s[tag=aj.sully.bone.right_leg] run data modify entity @s {} merge value {transformation:[-1f,1.1978853283323184e-16f,2.5461838666528274e-17f,-0.24999999999999997f,0f,0.207911690817759f,-0.9781476007338058f,0.34128956589464393f,-1.2246467991473532e-16f,-0.9781476007338058f,-0.207911690817759f,-0.34624684201723843f,0f,0f,0f,1f],start_interpolation:0}
execute if entity @s[tag=aj.sully.bone.left_arm] run data modify entity @s {} merge value {transformation:[-1f,3.086959327355576e-17f,1.1851019381362862e-16f,0.6875f,0f,0.9677091704819709f,-0.25206935824311444f,1.0515732116307344f,-1.2246467991473532e-16f,-0.25206935824311444f,-0.9677091704819709f,-0.17060217557430812f,0f,0f,0f,1f],start_interpolation:0}
execute if entity @s[tag=aj.sully.bone.right_arm] run data modify entity @s {} merge value {transformation:[-1f,3.774201293252765e-17f,1.1650381232568955e-16f,-0.8124999999999999f,0f,0.9513258223252945f,-0.3081869234362521f,0.9594301236087921f,-1.2246467991473532e-16f,-0.3081869234362521f,-0.9513258223252945f,-0.3540220612322725f,0f,0f,0f,1f],start_interpolation:0}
execute if entity @s[tag=aj.sully.bone.torso] run data modify entity @s {} merge value {transformation:[-1f,0f,1.2246467991473532e-16f,3.5837733495854933e-17f,0f,1.0000000000000002f,0f,0.7038259886476228f,-1.2246467991473532e-16f,0f,-1.0000000000000002f,-0.2926373017984169f,0f,0f,0f,1f],start_interpolation:0}