execute if entity @s[tag=aj.sully.bone.jaw] run data modify entity @s {} merge value {transformation:[-1f,0f,1.2246467991473532e-16f,-0.12499999999999997f,0f,1f,0f,1.2316487500000002f,-1.2246467991473532e-16f,0f,-1f,-0.1875593749999998f,0f,0f,0f,1f],start_interpolation:0}
execute if entity @s[tag=aj.sully.bone.h_head] run data modify entity @s {} merge value {transformation:[-1f,0f,1.2246467991473532e-16f,1.5308084989341894e-17f,0f,1f,0f,1.234375f,-1.2246467991473532e-16f,0f,-1f,-0.12499999999999978f,0f,0f,0f,1f],start_interpolation:0}
execute if entity @s[tag=aj.sully.bone.left_leg_down] run data modify entity @s {} merge value {transformation:[-1f,1.2024007712742138e-16f,2.3236214816753926e-17f,0.3125f,0f,0.1897380929173365f,-0.9818347397072953f,0.006053309038880239f,-1.2246467991473532e-16f,-0.9818347397072953f,-0.1897380929173365f,0.14170614866335307f,0f,0f,0f,1f],start_interpolation:0}
execute if entity @s[tag=aj.sully.bone.left_leg] run data modify entity @s {} merge value {transformation:[-1f,1.2024007712742138e-16f,2.3236214816753926e-17f,0.3062500000000001f,0f,0.1897380929173365f,-0.9818347397072953f,0.2968749999999999f,-1.2246467991473532e-16f,-0.9818347397072953f,-0.1897380929173365f,-0.37499999999999994f,0f,0f,0f,1f],start_interpolation:0}
execute if entity @s[tag=aj.sully.bone.right_leg_down] run data modify entity @s {} merge value {transformation:[-1f,1.2103937601947863e-16f,1.8629741797293843e-17f,-0.25f,0f,0.15212338618991691f,-0.9883615104677607f,0.02598781205546649f,-1.2246467991473532e-16f,-0.9883615104677607f,-0.15212338618991691f,0.1524302147275059f,0f,0f,0f,1f],start_interpolation:0}
execute if entity @s[tag=aj.sully.bone.right_leg] run data modify entity @s {} merge value {transformation:[-1f,1.2103937601947863e-16f,1.8629741797293843e-17f,-0.24999999999999994f,0f,0.15212338618991691f,-0.9883615104677607f,0.2968749999999999f,-1.2246467991473532e-16f,-0.9883615104677607f,-0.15212338618991691f,-0.37500000000000006f,0f,0f,0f,1f],start_interpolation:0}
execute if entity @s[tag=aj.sully.bone.left_arm] run data modify entity @s {} merge value {transformation:[-1f,6.123233995736765e-17f,1.0605752387249069e-16f,0.6875f,0f,0.8660254037844387f,-0.49999999999999994f,1.046875f,-1.2246467991473532e-16f,-0.49999999999999994f,-0.8660254037844387f,-0.24999999999999978f,0f,0f,0f,1f],start_interpolation:0}
execute if entity @s[tag=aj.sully.bone.right_arm] run data modify entity @s {} merge value {transformation:[-1f,7.24145468173408e-17f,9.876098033058266e-17f,-0.8124999999999999f,0f,0.8064446042674827f,-0.5913096483635822f,0.9218749999999999f,-1.2246467991473532e-16f,-0.5913096483635822f,-0.8064446042674827f,-0.375f,0f,0f,0f,1f],start_interpolation:0}
execute if entity @s[tag=aj.sully.bone.torso] run data modify entity @s {} merge value {transformation:[-1f,0f,1.2246467991473532e-16f,3.827021247335476e-17f,0f,1f,0f,0.6718749999999999f,-1.2246467991473532e-16f,0f,-1f,-0.3124999999999999f,0f,0f,0f,1f],start_interpolation:0}