execute if entity @s[tag=aj.sully.bone.jaw] run data modify entity @s {} merge value {transformation:[-1f,1.18245571795127e-16f,-3.186820637346951e-17f,-0.12499999999999983f,0f,-0.26022365302107836f,-0.9655483677208333f,0.4578628762869173f,-1.2246467991473532e-16f,-0.9655483677208333f,0.26022365302107836f,-1.325657638995749f,0f,0f,0f,1f],start_interpolation:0}
execute if entity @s[tag=aj.sully.bone.h_head] run data modify entity @s {} merge value {transformation:[-1f,1.0935838047544346e-16f,-5.5121161511770823e-17f,1.6609272213435977e-16f,0f,-0.4500984410374348f,-0.8929789434111371f,0.5125000000000002f,-1.2246467991473532e-16f,-0.8929789434111371f,0.4500984410374348f,-1.3562499999999997f,0f,0f,0f,1f],start_interpolation:0}
execute if entity @s[tag=aj.sully.bone.left_leg_down] run data modify entity @s {} merge value {transformation:[-1f,1.2245739387862214e-16f,1.3358559333157182e-18f,0.3125f,0f,0.010908091494182594f,-0.9999405050001497f,0.00012535384699419172f,-1.2246467991473532e-16f,-0.9999405050001497f,-0.010908091494182594f,0.18542126690742516f,0f,0f,0f,1f],start_interpolation:0}
execute if entity @s[tag=aj.sully.bone.left_leg] run data modify entity @s {} merge value {transformation:[-1f,1.2245739387862214e-16f,1.3358559333157182e-18f,0.3062500000000001f,0f,0.010908091494182594f,-0.9999405050001497f,0.19374999999999998f,-1.2246467991473532e-16f,-0.9999405050001497f,-0.010908091494182594f,-0.37499999999999994f,0f,0f,0f,1f],start_interpolation:0}
execute if entity @s[tag=aj.sully.bone.right_leg_down] run data modify entity @s {} merge value {transformation:[-1f,1.2246001683497691e-16f,1.0686923765729663e-18f,-0.25f,0f,0.008726535498374157f,-0.9999619230641713f,0.0013484632076324055f,-1.2246467991473532e-16f,-0.9999619230641713f,-0.008726535498374157f,0.1858423563176511f,0f,0f,0f,1f],start_interpolation:0}
execute if entity @s[tag=aj.sully.bone.right_leg] run data modify entity @s {} merge value {transformation:[-1f,1.2246001683497691e-16f,1.0686923765729663e-18f,-0.24999999999999994f,0f,0.008726535498374157f,-0.9999619230641713f,0.19374999999999998f,-1.2246467991473532e-16f,-0.9999619230641713f,-0.008726535498374157f,-0.37500000000000006f,0f,0f,0f,1f],start_interpolation:0}
execute if entity @s[tag=aj.sully.bone.left_arm] run data modify entity @s {} merge value {transformation:[-1f,1.2223625860049279e-16f,7.476289853398337e-18f,0.6875000000000001f,0f,0.06104853953485708f,-0.9981347984218669f,0.3250000000000002f,-1.2246467991473532e-16f,-0.9981347984218669f,-0.06104853953485708f,-1.1874999999999998f,0f,0f,0f,1f],start_interpolation:0}
execute if entity @s[tag=aj.sully.bone.right_arm] run data modify entity @s {} merge value {transformation:[-1f,1.221663621095163e-16f,8.542704229054971e-18f,-0.8124999999999999f,0f,0.06975647374412552f,-0.9975640502598242f,0.2562500000000002f,-1.2246467991473532e-16f,-0.9975640502598242f,-0.06975647374412552f,-1.19375f,0f,0f,0f,1f],start_interpolation:0}
execute if entity @s[tag=aj.sully.bone.torso] run data modify entity @s {} merge value {transformation:[-1f,1.2184850111283639e-16f,1.2269498896600731e-17f,9.491012693391986e-17f,0f,0.10018806161207651f,-0.9949685182509117f,0.2250000000000001f,-1.2246467991473532e-16f,-0.9949685182509117f,-0.10018806161207651f,-0.775f,0f,0f,0f,1f],start_interpolation:0}