execute if entity @s[tag=aj.sully.bone.jaw] run data modify entity @s {} merge value {transformation:[-1f,1.0000974665794664e-16f,7.067990096223894e-17f,-0.12499999999999993f,0f,0.5771451900372341f,-0.8166415551616787f,1.135859902506054f,-1.2246467991473532e-16f,-0.8166415551616787f,-0.5771451900372341f,-0.6053626733989564f,0f,0f,0f,1f],start_interpolation:0}
execute if entity @s[tag=aj.sully.bone.h_head] run data modify entity @s {} merge value {transformation:[-1f,1.044183048100712e-16f,6.398761948384734e-17f,7.041719095097279e-17f,0f,0.5224985647159492f,-0.8526401643540921f,1.190625f,-1.2246467991473532e-16f,-0.8526401643540921f,-0.5224985647159492f,-0.5749999999999997f,0f,0f,0f,1f],start_interpolation:0}
execute if entity @s[tag=aj.sully.bone.left_leg_down] run data modify entity @s {} merge value {transformation:[-1f,1.2166226426962095e-16f,1.399611658309144e-17f,0.3125f,0f,0.11428696496684662f,-0.9934477790194444f,0.0025671236400029163f,-1.2246467991473532e-16f,-0.9934477790194444f,-0.11428696496684662f,0.16238556976715376f,0f,0f,0f,1f],start_interpolation:0}
execute if entity @s[tag=aj.sully.bone.left_leg] run data modify entity @s {} merge value {transformation:[-1f,1.2166226426962095e-16f,1.399611658309144e-17f,0.3062500000000001f,0f,0.11428696496684662f,-0.9934477790194444f,0.25312499999999993f,-1.2246467991473532e-16f,-0.9934477790194444f,-0.11428696496684662f,-0.37499999999999994f,0f,0f,0f,1f],start_interpolation:0}
execute if entity @s[tag=aj.sully.bone.right_leg_down] run data modify entity @s {} merge value {transformation:[-1f,1.2195093171294713e-16f,1.1205716441293773e-17f,-0.25f,0f,0.09150161866340262f,-0.9958049275746618f,0.01494191558158689f,-1.2246467991473532e-16f,-0.9958049275746618f,-0.09150161866340262f,0.16798371826135916f,0f,0f,0f,1f],start_interpolation:0}
execute if entity @s[tag=aj.sully.bone.right_leg] run data modify entity @s {} merge value {transformation:[-1f,1.2195093171294713e-16f,1.1205716441293773e-17f,-0.24999999999999994f,0f,0.09150161866340262f,-0.9958049275746618f,0.25312499999999993f,-1.2246467991473532e-16f,-0.9958049275746618f,-0.09150161866340262f,-0.37500000000000006f,0f,0f,0f,1f],start_interpolation:0}
execute if entity @s[tag=aj.sully.bone.left_arm] run data modify entity @s {} merge value {transformation:[-1f,9.844407313275152e-17f,7.28447821854939e-17f,0.6875000000000001f,0f,0.5948227867513415f,-0.8038568606172173f,1.003125f,-1.2246467991473532e-16f,-0.8038568606172173f,-0.5948227867513415f,-0.5937499999999998f,0f,0f,0f,1f],start_interpolation:0}
execute if entity @s[tag=aj.sully.bone.right_arm] run data modify entity @s {} merge value {transformation:[-1f,9.346902011245027e-17f,7.912736635221056e-17f,-0.8124999999999999f,0f,0.6461239796429641f,-0.7632324697825287f,0.878125f,-1.2246467991473532e-16f,-0.7632324697825287f,-0.6461239796429641f,-0.65625f,0f,0f,0f,1f],start_interpolation:0}
execute if entity @s[tag=aj.sully.bone.torso] run data modify entity @s {} merge value {transformation:[-1f,5.983884393946516e-17f,1.0684994423305475e-16f,5.204748896376249e-17f,0f,0.8724960070727972f,-0.4886212414969549f,0.5718749999999999f,-1.2246467991473532e-16f,-0.4886212414969549f,-0.8724960070727972f,-0.42499999999999993f,0f,0f,0f,1f],start_interpolation:0}