execute if entity @s[tag=aj.sully.bone.jaw] run data modify entity @s {} merge value {transformation:[-1f,1.198070175281347e-16f,2.5374719262127795e-17f,-0.12499999999999989f,0f,0.207200306894973f,-0.9782985397222205f,0.8624352526604222f,-1.2246467991473532e-16f,-0.9782985397222205f,-0.207200306894973f,-0.9119750441896095f,0f,0f,0f,1f],start_interpolation:0}
execute if entity @s[tag=aj.sully.bone.h_head] run data modify entity @s {} merge value {transformation:[-1f,1.2202166044591995e-16f,1.040731515037336e-17f,1.1136631829746242e-16f,0f,0.08498217737244189f,-0.9963824715083254f,0.9249999999999999f,-1.2246467991473532e-16f,-0.9963824715083254f,-0.08498217737244189f,-0.9093749999999998f,0f,0f,0f,1f],start_interpolation:0}
execute if entity @s[tag=aj.sully.bone.left_leg_down] run data modify entity @s {} merge value {transformation:[-1f,1.221569707830351e-16f,8.675961948469378e-18f,0.3125f,0f,0.07084460559983434f,-0.9974873642595198f,0.0012460285514330482f,-1.2246467991473532e-16f,-0.9974873642595198f,-0.07084460559983434f,0.17280327884601096f,0f,0f,0f,1f],start_interpolation:0}
execute if entity @s[tag=aj.sully.bone.left_leg] run data modify entity @s {} merge value {transformation:[-1f,1.221569707830351e-16f,8.675961948469378e-18f,0.3062500000000001f,0f,0.07084460559983434f,-0.9974873642595198f,0.2281249999999998f,-1.2246467991473532e-16f,-0.9974873642595198f,-0.07084460559983434f,-0.37499999999999994f,0f,0f,0f,1f],start_interpolation:0}
execute if entity @s[tag=aj.sully.bone.right_leg_down] run data modify entity @s {} merge value {transformation:[-1f,1.222677163643436e-16f,6.94286408242314e-18f,-0.25f,0f,0.05669278756337772f,-0.9983916705573488f,0.00903686876609694f,-1.2246467991473532e-16f,-0.9983916705573488f,-0.05669278756337772f,0.1759654170203753f,0f,0f,0f,1f],start_interpolation:0}
execute if entity @s[tag=aj.sully.bone.right_leg] run data modify entity @s {} merge value {transformation:[-1f,1.222677163643436e-16f,6.94286408242314e-18f,-0.24999999999999994f,0f,0.05669278756337772f,-0.9983916705573488f,0.2281249999999998f,-1.2246467991473532e-16f,-0.9983916705573488f,-0.05669278756337772f,-0.37500000000000006f,0f,0f,0f,1f],start_interpolation:0}
execute if entity @s[tag=aj.sully.bone.left_arm] run data modify entity @s {} merge value {transformation:[-1f,1.1293704681267977e-16f,4.735843413637275e-17f,0.6875000000000001f,0f,0.38671096163682084f,-0.9222009716704517f,0.7374999999999999f,-1.2246467991473532e-16f,-0.9222009716704517f,-0.38671096163682084f,-0.8437499999999998f,0f,0f,0f,1f],start_interpolation:0}
execute if entity @s[tag=aj.sully.bone.right_arm] run data modify entity @s {} merge value {transformation:[-1f,1.1007052518929728e-16f,5.3684982175379843e-17f,-0.8124999999999999f,0f,0.4383711467890776f,-0.8987940462991669f,0.6343749999999999f,-1.2246467991473532e-16f,-0.8987940462991669f,-0.4383711467890776f,-0.8843749999999999f,0f,0f,0f,1f],start_interpolation:0}
execute if entity @s[tag=aj.sully.bone.torso] run data modify entity @s {} merge value {transformation:[-1f,9.732017826973587e-17f,7.433963093912565e-17f,6.965178670150568e-17f,0f,0.6070291531475345f,-0.7946795626093497f,0.43124999999999986f,-1.2246467991473532e-16f,-0.7946795626093497f,-0.6070291531475345f,-0.5687499999999999f,0f,0f,0f,1f],start_interpolation:0}