execute if entity @s[tag=aj.sully.bone.jaw] run data modify entity @s {} merge value {transformation:[-1f,0f,1.224646799147353e-16f,-0.12499999999999999f,0f,0.9999999999999999f,0f,1.4292526772189533f,-1.2246467991473532e-16f,0f,-0.9999999999999999f,-0.1072095061385985f,0f,0f,0f,1f],start_interpolation:0}
execute if entity @s[tag=aj.sully.bone.h_head] run data modify entity @s {} merge value {transformation:[-1f,0f,1.224646799147353e-16f,5.46806401803942e-18f,0f,0.9999999999999999f,0f,1.4319789272189531f,-1.2246467991473532e-16f,0f,-0.9999999999999999f,-0.0446501311385985f,0f,0f,0f,1f],start_interpolation:0}
execute if entity @s[tag=aj.sully.bone.left_leg_down] run data modify entity @s {} merge value {transformation:[-1f,6.375966198308754e-17f,1.045576555323473e-16f,0.31249999999999994f,0f,0.8537780493538578f,-0.520637150462317f,0.2649126371321602f,-1.2246467991473532e-16f,-0.520637150462317f,-0.8537780493538578f,0.15286125341771495f,0f,0f,0f,1f],start_interpolation:0}
execute if entity @s[tag=aj.sully.bone.left_leg] run data modify entity @s {} merge value {transformation:[-1f,1.0899527361813719e-16f,5.583572472464184e-17f,0.30625f,0f,0.4559332924686273f,-0.8900139509124095f,0.5959085298293167f,-1.2246467991473532e-16f,-0.8900139509124095f,-0.4559332924686273f,-0.16282291241134011f,0f,0f,0f,1f],start_interpolation:0}
execute if entity @s[tag=aj.sully.bone.right_leg_down] run data modify entity @s {} merge value {transformation:[-1f,5.3684982175379775e-17f,1.100705251892973e-16f,-0.25000000000000006f,0f,0.8987940462991673f,-0.4383711467890772f,0.2897514021221096f,-1.2246467991473532e-16f,-0.4383711467890772f,-0.8987940462991673f,0.16375715222329662f,0f,0f,0f,1f],start_interpolation:0}
execute if entity @s[tag=aj.sully.bone.right_leg] run data modify entity @s {} merge value {transformation:[-1f,1.0812989434095451e-16f,5.749368466564471e-17f,-0.25f,0f,0.4694715627858909f,-0.8829475928589269f,0.5959085298293167f,-1.2246467991473532e-16f,-0.8829475928589269f,-0.4694715627858909f,-0.16282291241134023f,0f,0f,0f,1f],start_interpolation:0}
execute if entity @s[tag=aj.sully.bone.left_arm] run data modify entity @s {} merge value {transformation:[-1f,-1.0957374765932404e-17f,1.2197349615739266e-16f,0.6875000000000001f,0f,0.9959891802462175f,0.08947375499255261f,1.3456806075672751f,-1.2246467991473532e-16f,0.08947375499255261f,-0.9959891802462175f,-0.1216435766407758f,0f,0f,0f,1f],start_interpolation:0}
execute if entity @s[tag=aj.sully.bone.right_arm] run data modify entity @s {} merge value {transformation:[-1f,-1.6020166441049237e-17f,1.2141232266050944e-16f,-0.8124999999999999f,0f,0.9914068508980829f,0.13081458631340154f,1.3357860794489889f,-1.2246467991473532e-16f,0.13081458631340154f,-0.9914068508980829f,-0.19667058136785032f,0f,0f,0f,1f],start_interpolation:0}
execute if entity @s[tag=aj.sully.bone.torso] run data modify entity @s {} merge value {transformation:[-1f,0f,1.224646799147353e-16f,2.2434147212415513e-17f,0f,0.9999999999999999f,0f,0.9954997268726262f,-1.2246467991473532e-16f,0f,-0.9999999999999999f,-0.18318871390538904f,0f,0f,0f,1f],start_interpolation:0}