execute if entity @s[tag=aj.sully.bone.jaw] run data modify entity @s {} merge value {transformation:[-1f,0f,1.2246467991473532e-16f,-0.12499999999999997f,0f,1f,0f,1.24102375f,-1.2246467991473532e-16f,0f,-1f,-0.1875593749999998f,0f,0f,0f,1f],start_interpolation:0}
execute if entity @s[tag=aj.sully.bone.h_head] run data modify entity @s {} merge value {transformation:[-1f,0f,1.2246467991473532e-16f,1.5308084989341894e-17f,0f,1f,0f,1.24375f,-1.2246467991473532e-16f,0f,-1f,-0.12499999999999978f,0f,0f,0f,1f],start_interpolation:0}
execute if entity @s[tag=aj.sully.bone.left_leg_down] run data modify entity @s {} merge value {transformation:[-1f,1.1984379682849554e-16f,2.5200440241171625e-17f,0.3125f,0f,0.20577721069223512f,-0.9785988655009383f,0.007013031704191597f,-1.2246467991473532e-16f,-0.9785988655009383f,-0.20577721069223512f,0.13687863483948376f,0f,0f,0f,1f],start_interpolation:0}
execute if entity @s[tag=aj.sully.bone.left_leg] run data modify entity @s {} merge value {transformation:[-1f,1.1984379682849554e-16f,2.5200440241171625e-17f,0.3062500000000001f,0f,0.20577721069223512f,-0.9785988655009383f,0.3062499999999998f,-1.2246467991473532e-16f,-0.9785988655009383f,-0.20577721069223512f,-0.37499999999999994f,0f,0f,0f,1f],start_interpolation:0}
execute if entity @s[tag=aj.sully.bone.right_leg_down] run data modify entity @s {} merge value {transformation:[-1f,1.2078515049676923e-16f,2.021250222242131e-17f,-0.25f,0f,0.16504760586067788f,-0.9862856015372314f,0.02848217141513759f,-1.2246467991473532e-16f,-0.9862856015372314f,-0.16504760586067788f,0.14883922476581554f,0f,0f,0f,1f],start_interpolation:0}
execute if entity @s[tag=aj.sully.bone.right_leg] run data modify entity @s {} merge value {transformation:[-1f,1.2078515049676923e-16f,2.021250222242131e-17f,-0.24999999999999994f,0f,0.16504760586067788f,-0.9862856015372314f,0.3062499999999998f,-1.2246467991473532e-16f,-0.9862856015372314f,-0.16504760586067788f,-0.37500000000000006f,0f,0f,0f,1f],start_interpolation:0}
execute if entity @s[tag=aj.sully.bone.left_arm] run data modify entity @s {} merge value {transformation:[-1f,4.981087280387179e-17f,1.1187705205776151e-16f,0.6875f,0f,0.913545457642601f,-0.40673664307579993f,1.05625f,-1.2246467991473532e-16f,-0.40673664307579993f,-0.913545457642601f,-0.2124999999999997f,0f,0f,0f,1f],start_interpolation:0}
execute if entity @s[tag=aj.sully.bone.right_arm] run data modify entity @s {} merge value {transformation:[-1f,6.03044936705455e-17f,1.0658783171524653e-16f,-0.8124999999999999f,0f,0.8703556959398998f,-0.49242356010346694f,0.9312499999999998f,-1.2246467991473532e-16f,-0.49242356010346694f,-0.8703556959398998f,-0.375f,0f,0f,0f,1f],start_interpolation:0}
execute if entity @s[tag=aj.sully.bone.torso] run data modify entity @s {} merge value {transformation:[-1f,0f,1.2246467991473532e-16f,3.827021247335476e-17f,0f,1f,0f,0.6812499999999998f,-1.2246467991473532e-16f,0f,-1f,-0.3124999999999999f,0f,0f,0f,1f],start_interpolation:0}