execute if entity @s[tag=aj.sully.bone.jaw] run data modify entity @s {} merge value {transformation:[-1f,7.284478218549386e-17f,9.844407313275154e-17f,-0.12499999999999994f,0f,0.8038568606172173f,-0.5948227867513411f,1.1585114154837444f,-1.2246467991473532e-16f,-0.5948227867513411f,-0.8038568606172173f,-0.4719020809164225f,0f,0f,0f,1f],start_interpolation:0}
execute if entity @s[tag=aj.sully.bone.h_head] run data modify entity @s {} merge value {transformation:[-1f,7.706952025373439e-17f,9.517293141685718e-17f,5.2047488963762495e-17f,0f,0.7771459614569709f,-0.6293203910498373f,1.1999999999999997f,-1.2246467991473532e-16f,-0.6293203910498373f,-0.7771459614569709f,-0.4249999999999998f,0f,0f,0f,1f],start_interpolation:0}
execute if entity @s[tag=aj.sully.bone.left_leg_down] run data modify entity @s {} merge value {transformation:[-1f,1.2141697760125282e-16f,1.598484835071786e-17f,0.3125f,0f,0.1305261922200518f,-0.9914448613738104f,0.003183105368631284f,-1.2246467991473532e-16f,-0.9914448613738104f,-0.1305261922200518f,0.15821407348150862f,0f,0f,0f,1f],start_interpolation:0}
execute if entity @s[tag=aj.sully.bone.left_leg] run data modify entity @s {} merge value {transformation:[-1f,1.2141697760125282e-16f,1.598484835071786e-17f,0.3062500000000001f,0f,0.1305261922200518f,-0.9914448613738104f,0.26249999999999984f,-1.2246467991473532e-16f,-0.9914448613738104f,-0.1305261922200518f,-0.37499999999999994f,0f,0f,0f,1f],start_interpolation:0}
execute if entity @s[tag=aj.sully.bone.right_leg_down] run data modify entity @s {} merge value {transformation:[-1f,1.217938055844715e-16f,1.2801044796052377e-17f,-0.25f,0f,0.10452846326765368f,-0.9945218953682733f,0.01722988403039344f,-1.2246467991473532e-16f,-0.9945218953682733f,-0.10452846326765368f,0.16481947928196858f,0f,0f,0f,1f],start_interpolation:0}
execute if entity @s[tag=aj.sully.bone.right_leg] run data modify entity @s {} merge value {transformation:[-1f,1.217938055844715e-16f,1.2801044796052377e-17f,-0.24999999999999994f,0f,0.10452846326765368f,-0.9945218953682733f,0.26249999999999984f,-1.2246467991473532e-16f,-0.9945218953682733f,-0.10452846326765368f,-0.37500000000000006f,0f,0f,0f,1f],start_interpolation:0}
execute if entity @s[tag=aj.sully.bone.left_arm] run data modify entity @s {} merge value {transformation:[-1f,9.242526717056603e-17f,8.034405899049455e-17f,0.6875000000000001f,0f,0.6560590289905074f,-0.754709580222772f,1.0124999999999997f,-1.2246467991473532e-16f,-0.754709580222772f,-0.6560590289905074f,-0.4999999999999997f,0f,0f,0f,1f],start_interpolation:0}
execute if entity @s[tag=aj.sully.bone.right_arm] run data modify entity @s {} merge value {transformation:[-1f,9.242526717056603e-17f,8.034405899049455e-17f,-0.8124999999999999f,0f,0.6560590289905074f,-0.754709580222772f,0.8875f,-1.2246467991473532e-16f,-0.754709580222772f,-0.6560590289905074f,-0.5625f,0f,0f,0f,1f],start_interpolation:0}
execute if entity @s[tag=aj.sully.bone.torso] run data modify entity @s {} merge value {transformation:[-1f,4.0879550169406874e-17f,1.1544028848095244e-16f,4.745506346695992e-17f,0f,0.9426414910921784f,-0.33380685923377096f,0.5999999999999999f,-1.2246467991473532e-16f,-0.33380685923377096f,-0.9426414910921784f,-0.38749999999999996f,0f,0f,0f,1f],start_interpolation:0}