execute if entity @s[tag=aj.sully.bone.jaw] run data modify entity @s {} merge value {transformation:[-1f,0f,1.2246467991473532e-16f,-0.12499999999999997f,0f,1f,0f,1.2297381816971147f,-1.2246467991473532e-16f,0f,-1f,-0.15002483756853352f,0f,0f,0f,1f],start_interpolation:0}
execute if entity @s[tag=aj.sully.bone.h_head] run data modify entity @s {} merge value {transformation:[-1f,0f,1.2246467991473532e-16f,1.0711429877049724e-17f,0f,1f,0f,1.2324644316971145f,-1.2246467991473532e-16f,0f,-1f,-0.08746546256853349f,0f,0f,0f,1f],start_interpolation:0}
execute if entity @s[tag=aj.sully.bone.left_leg_down] run data modify entity @s {} merge value {transformation:[-1f,1.1293704681267977e-16f,4.7358434136372725e-17f,0.3125f,0f,0.3867109616368206f,-0.9222009716704518f,0.04747471682808729f,-1.2246467991473532e-16f,-0.9222009716704518f,-0.3867109616368206f,0.14277152599000623f,0f,0f,0f,1f],start_interpolation:0}
execute if entity @s[tag=aj.sully.bone.left_leg] run data modify entity @s {} merge value {transformation:[-1f,1.1786677246455682e-16f,3.3241867808638065e-17f,0.3062500000000001f,0f,0.27144044986507415f,-0.9624552364536474f,0.3705567605164515f,-1.2246467991473532e-16f,-0.9624552364536474f,-0.27144044986507415f,-0.3188968322225324f,0f,0f,0f,1f],start_interpolation:0}
execute if entity @s[tag=aj.sully.bone.right_leg_down] run data modify entity @s {} merge value {transformation:[-1f,1.135472739716321e-16f,4.587607655662906e-17f,-0.25000000000000006f,0f,0.37460659341591207f,-0.9271838545667874f,0.0691181125832338f,-1.2246467991473532e-16f,-0.9271838545667874f,-0.37460659341591207f,0.15070427513756612f,0f,0f,0f,1f],start_interpolation:0}
execute if entity @s[tag=aj.sully.bone.right_leg] run data modify entity @s {} merge value {transformation:[-1f,1.1882695554102554e-16f,2.962688750897931e-17f,-0.24999999999999997f,0f,0.24192189559966762f,-0.9702957262759965f,0.3705567605164515f,-1.2246467991473532e-16f,-0.9702957262759965f,-0.24192189559966762f,-0.3188968322225325f,0f,0f,0f,1f],start_interpolation:0}
execute if entity @s[tag=aj.sully.bone.left_arm] run data modify entity @s {} merge value {transformation:[-1f,1.9579798475068288e-17f,1.2088932673439077e-16f,0.6875f,0f,0.9871362650729879f,-0.15988118769183501f,1.0477482804710165f,-1.2246467991473532e-16f,-0.15988118769183501f,-0.9871362650729879f,-0.15975139464537147f,0f,0f,0f,1f],start_interpolation:0}
execute if entity @s[tag=aj.sully.bone.right_arm] run data modify entity @s {} merge value {transformation:[-1f,2.3157512899092135e-17f,1.202552594398555e-16f,-0.8124999999999999f,0f,0.9819587126964436f,-0.18909544298989142f,0.9869416943192798f,-1.2246467991473532e-16f,-0.18909544298989142f,-0.9819587126964436f,-0.3351733761088456f,0f,0f,0f,1f],start_interpolation:0}
execute if entity @s[tag=aj.sully.bone.torso] run data modify entity @s {} merge value {transformation:[-1f,0f,1.2246467991473532e-16f,3.374063074465715e-17f,0f,1f,0f,0.7243761626664722f,-1.2246467991473532e-16f,0f,-1f,-0.2755131583093895f,0f,0f,0f,1f],start_interpolation:0}