execute if entity @s[tag=aj.sully.bone.jaw] run data modify entity @s {} merge value {transformation:[-1f,1.207851504967692e-16f,2.021250222242131e-17f,-0.12499999999999989f,0f,0.16504760586067788f,-0.9862856015372314f,0.8248835897280673f,-1.2246467991473532e-16f,-0.9862856015372314f,-0.16504760586067788f,-0.9494587014593624f,0f,0f,0f,1f],start_interpolation:0}
execute if entity @s[tag=aj.sully.bone.h_head] run data modify entity @s {} merge value {transformation:[-1f,1.2239007774061617e-16f,4.273955692857169e-18f,1.1634144591899854e-16f,0f,0.03489949670250119f,-0.9993908270190958f,0.8875000000000002f,-1.2246467991473532e-16f,-0.9993908270190958f,-0.03489949670250119f,-0.95f,0f,0f,0f,1f],start_interpolation:0}
execute if entity @s[tag=aj.sully.bone.left_leg_down] run data modify entity @s {} merge value {transformation:[-1f,1.2220247363447802e-16f,8.009573286591568e-18f,0.3125f,0f,0.06540312923014328f,-0.9978589232386035f,0.001112191700806231f,-1.2246467991473532e-16f,-0.9978589232386035f,-0.06540312923014328f,0.1740325575910626f,0f,0f,0f,1f],start_interpolation:0}
execute if entity @s[tag=aj.sully.bone.left_leg] run data modify entity @s {} merge value {transformation:[-1f,1.2220247363447802e-16f,8.009573286591568e-18f,0.3062500000000001f,0f,0.06540312923014328f,-0.9978589232386035f,0.22499999999999998f,-1.2246467991473532e-16f,-0.9978589232386035f,-0.06540312923014328f,-0.37499999999999994f,0f,0f,0f,1f],start_interpolation:0}
execute if entity @s[tag=aj.sully.bone.right_leg_down] run data modify entity @s {} merge value {transformation:[-1f,1.2229684632711994e-16f,6.409306129323736e-18f,-0.25f,0f,0.05233595624294405f,-0.9986295347545738f,0.00831798684686133f,-1.2246467991473532e-16f,-0.9986295347545738f,-0.05233595624294405f,0.17691612150389566f,0f,0f,0f,1f],start_interpolation:0}
execute if entity @s[tag=aj.sully.bone.right_leg] run data modify entity @s {} merge value {transformation:[-1f,1.2229684632711994e-16f,6.409306129323736e-18f,-0.24999999999999994f,0f,0.05233595624294405f,-0.9986295347545738f,0.22499999999999998f,-1.2246467991473532e-16f,-0.9986295347545738f,-0.05233595624294405f,-0.37500000000000006f,0f,0f,0f,1f],start_interpolation:0}
execute if entity @s[tag=aj.sully.bone.left_arm] run data modify entity @s {} merge value {transformation:[-1f,1.143306281056419e-16f,4.3887416232765244e-17f,0.6875000000000001f,0f,0.35836794954530055f,-0.9335804264972016f,0.7000000000000001f,-1.2246467991473532e-16f,-0.9335804264972016f,-0.35836794954530055f,-0.8749999999999998f,0f,0f,0f,1f],start_interpolation:0}
execute if entity @s[tag=aj.sully.bone.right_arm] run data modify entity @s {} merge value {transformation:[-1f,1.1187705205776151e-16f,4.9810872803871845e-17f,-0.8124999999999999f,0f,0.40673664307580043f,-0.9135454576426008f,0.6000000000000001f,-1.2246467991473532e-16f,-0.9135454576426008f,-0.40673664307580043f,-0.9125000000000001f,0f,0f,0f,1f],start_interpolation:0}
execute if entity @s[tag=aj.sully.bone.torso] run data modify entity @s {} merge value {transformation:[-1f,1.0092634989894593e-16f,6.936475850670942e-17f,7.194799944990698e-17f,0f,0.566406236924833f,-0.8241261886220156f,0.41250000000000003f,-1.2246467991473532e-16f,-0.8241261886220156f,-0.566406236924833f,-0.5874999999999999f,0f,0f,0f,1f],start_interpolation:0}