execute if entity @s[tag=aj.sully.bone.jaw] run data modify entity @s {} merge value {transformation:[-1f,1.1676982971486645e-16f,-3.6910766653913746e-17f,-0.12499999999999983f,0f,-0.3013992824675038f,-0.9534980191526744f,0.42196607198765945f,-1.2246467991473532e-16f,-0.9534980191526744f,0.3013992824675038f,-1.3635807014034689f,0f,0f,0f,1f],start_interpolation:0}
execute if entity @s[tag=aj.sully.bone.h_head] run data modify entity @s {} merge value {transformation:[-1f,1.0645601416343956e-16f,-6.053688854782787e-17f,1.710678497558959e-16f,0f,-0.49432120828614434f,-0.8692793239451438f,0.4750000000000002f,-1.2246467991473532e-16f,-0.8692793239451438f,0.49432120828614434f,-1.396875f,0f,0f,0f,1f],start_interpolation:0}
execute if entity @s[tag=aj.sully.bone.left_leg_down] run data modify entity @s {} merge value {transformation:[-1f,1.224628583921605e-16f,6.6793790147309435e-19f,0.3125f,0f,0.005454126871014065f,-0.9999851261394216f,0.000059842483912969646f,-1.2246467991473532e-16f,-0.9999851261394216f,-0.005454126871014065f,0.18646898466510956f,0f,0f,0f,1f],start_interpolation:0}
execute if entity @s[tag=aj.sully.bone.left_leg] run data modify entity @s {} merge value {transformation:[-1f,1.224628583921605e-16f,6.6793790147309435e-19f,0.3062500000000001f,0f,0.005454126871014065f,-0.9999851261394216f,0.19062499999999993f,-1.2246467991473532e-16f,-0.9999851261394216f,-0.005454126871014065f,-0.37499999999999994f,0f,0f,0f,1f],start_interpolation:0}
execute if entity @s[tag=aj.sully.bone.right_leg_down] run data modify entity @s {} merge value {transformation:[-1f,1.2246351413924705e-16f,5.343512749255087e-19f,-0.25f,0f,0.004363309284746793f,-0.9999904807207345f,0.0006724233921921452f,-1.2246467991473532e-16f,-0.9999904807207345f,-0.004363309284746793f,0.18667652491452308f,0f,0f,0f,1f],start_interpolation:0}
execute if entity @s[tag=aj.sully.bone.right_leg] run data modify entity @s {} merge value {transformation:[-1f,1.2246351413924705e-16f,5.343512749255087e-19f,-0.24999999999999994f,0f,0.004363309284746793f,-0.9999904807207345f,0.19062499999999993f,-1.2246467991473532e-16f,-0.9999904807207345f,-0.004363309284746793f,-0.37500000000000006f,0f,0f,0f,1f],start_interpolation:0}
execute if entity @s[tag=aj.sully.bone.left_arm] run data modify entity @s {} merge value {transformation:[-1f,1.2240756126584407e-16f,3.739889245312875e-18f,0.6875000000000001f,0f,0.030538513209822878f,-0.9995335908367129f,0.28750000000000014f,-1.2246467991473532e-16f,-0.9995335908367129f,-0.030538513209822878f,-1.21875f,0f,0f,0f,1f],start_interpolation:0}
execute if entity @s[tag=aj.sully.bone.right_arm] run data modify entity @s {} merge value {transformation:[-1f,1.2239007774061617e-16f,4.273955692857169e-18f,-0.8124999999999999f,0f,0.03489949670250119f,-0.9993908270190958f,0.22187500000000013f,-1.2246467991473532e-16f,-0.9993908270190958f,-0.03489949670250119f,-1.221875f,0f,0f,0f,1f],start_interpolation:0}
execute if entity @s[tag=aj.sully.bone.torso] run data modify entity @s {} merge value {transformation:[-1f,1.2231053820806356e-16f,6.142480758813918e-18f,9.720633968232114e-17f,0f,0.05015716174729361f,-0.9987413374470168f,0.20625000000000004f,-1.2246467991473532e-16f,-0.9987413374470168f,-0.05015716174729361f,-0.79375f,0f,0f,0f,1f],start_interpolation:0}