execute if entity @s[tag=aj.sully.bone.jaw] run data modify entity @s {} merge value {transformation:[-1f,0f,1.2246467991473532e-16f,-0.12499999999999999f,0f,1f,0f,1.7993480003992504f,-1.2246467991473532e-16f,0f,-1f,-0.00950981586585177f,0f,0f,0f,1f],start_interpolation:0}
execute if entity @s[tag=aj.sully.bone.h_head] run data modify entity @s {} merge value {transformation:[-1f,0f,1.2246467991473532e-16f,-6.496697278981291e-18f,0f,1f,0f,1.8020742503992502f,-1.2246467991473532e-16f,0f,-1f,0.053049559134148244f,0f,0f,0f,1f],start_interpolation:0}
execute if entity @s[tag=aj.sully.bone.left_leg_down] run data modify entity @s {} merge value {transformation:[-1f,2.231741529848943e-17f,1.2041399752941237e-16f,0.31250000000000006f,0f,0.9832549075639546f,-0.1822355254921475f,0.342438357653f,-1.2246467991473532e-16f,-0.1822355254921475f,-0.9832549075639546f,-0.008496594178588529f,0f,0f,0f,1f],start_interpolation:0}
execute if entity @s[tag=aj.sully.bone.left_leg] run data modify entity @s {} merge value {transformation:[-1f,5.078527522470001e-17f,1.1143811577270162e-16f,0.3062500000000001f,0f,0.9099612708765431f,-0.4146932426562393f,0.8739321262280774f,-1.2246467991473532e-16f,-0.4146932426562393f,-0.9099612708765431f,-0.05282039571151842f,0f,0f,0f,1f],start_interpolation:0}
execute if entity @s[tag=aj.sully.bone.right_leg_down] run data modify entity @s {} merge value {transformation:[-1f,1.7043789261815566e-17f,1.2127286206821952e-16f,-0.24999999999999997f,0f,0.9902680687415704f,-0.13917310096006547f,0.3576492263043389f,-1.2246467991473532e-16f,-0.13917310096006547f,-0.9902680687415704f,0.03501194337296776f,0f,0f,0f,1f],start_interpolation:0}
execute if entity @s[tag=aj.sully.bone.right_leg] run data modify entity @s {} merge value {transformation:[-1f,4.981087280387185e-17f,1.118770520577615e-16f,-0.24999999999999997f,0f,0.9135454576426008f,-0.4067366430758005f,0.8739321262280774f,-1.2246467991473532e-16f,-0.4067366430758005f,-0.9135454576426008f,-0.052820395711518475f,0f,0f,0f,1f],start_interpolation:0}
execute if entity @s[tag=aj.sully.bone.left_arm] run data modify entity @s {} merge value {transformation:[-1f,-3.989129733513826e-18f,1.2239969228142598e-16f,0.6875f,0f,0.9994693357027138f,0.03257371624448141f,1.6603159804488636f,-1.2246467991473532e-16f,0.03257371624448141f,-0.9994693357027138f,-0.01917988708187482f,0f,0f,0f,1f],start_interpolation:0}
execute if entity @s[tag=aj.sully.bone.right_arm] run data modify entity @s {} merge value {transformation:[-1f,-5.840043397365362e-18f,1.2232535190930564e-16f,-0.8125f,0f,0.9988623004973624f,0.04768757327771095f,1.6644787620431793f,-1.2246467991473532e-16f,0.04768757327771095f,-0.9988623004973624f,-0.04681901241894071f,0f,0f,0f,1f],start_interpolation:0}
execute if entity @s[tag=aj.sully.bone.torso] run data modify entity @s {} merge value {transformation:[-1f,0f,1.2246467991473532e-16f,1.2397741545544903e-17f,0f,1f,0f,1.2656428008705705f,-1.2246467991473532e-16f,0f,-1f,-0.10123524230967401f,0f,0f,0f,1f],start_interpolation:0}