execute if entity @s[tag=aj.sully.bone.jaw] run data modify entity @s {} merge value {transformation:[-1f,0f,1.2246467991473532e-16f,-0.12499999999999997f,0f,1f,0f,1.21914875f,-1.2246467991473532e-16f,0f,-1f,-0.1875593749999998f,0f,0f,0f,1f],start_interpolation:0}
execute if entity @s[tag=aj.sully.bone.h_head] run data modify entity @s {} merge value {transformation:[-1f,0f,1.2246467991473532e-16f,1.5308084989341894e-17f,0f,1f,0f,1.2218749999999998f,-1.2246467991473532e-16f,0f,-1f,-0.12499999999999978f,0f,0f,0f,1f],start_interpolation:0}
execute if entity @s[tag=aj.sully.bone.left_leg_down] run data modify entity @s {} merge value {transformation:[-1f,1.2071835860002126e-16f,2.060766176778066e-17f,0.3125f,0f,0.16827432841965959f,-0.985740204310909f,0.004894401955645972f,-1.2246467991473532e-16f,-0.985740204310909f,-0.16827432841965959f,0.14792742834620018f,0f,0f,0f,1f],start_interpolation:0}
execute if entity @s[tag=aj.sully.bone.left_leg] run data modify entity @s {} merge value {transformation:[-1f,1.2071835860002126e-16f,2.060766176778066e-17f,0.3062500000000001f,0f,0.16827432841965959f,-0.985740204310909f,0.28437499999999993f,-1.2246467991473532e-16f,-0.985740204310909f,-0.16827432841965959f,-0.37499999999999994f,0f,0f,0f,1f],start_interpolation:0}
execute if entity @s[tag=aj.sully.bone.right_leg_down] run data modify entity @s {} merge value {transformation:[-1f,1.213460749619115e-16f,1.6514476012175805e-17f,-0.25f,0f,0.13485093027372322f,-0.9908658973868822f,0.022733995960990183f,-1.2246467991473532e-16f,-0.9908658973868822f,-0.13485093027372322f,0.15707751785379812f,0f,0f,0f,1f],start_interpolation:0}
execute if entity @s[tag=aj.sully.bone.right_leg] run data modify entity @s {} merge value {transformation:[-1f,1.213460749619115e-16f,1.6514476012175805e-17f,-0.24999999999999994f,0f,0.13485093027372322f,-0.9908658973868822f,0.28437499999999993f,-1.2246467991473532e-16f,-0.9908658973868822f,-0.13485093027372322f,-0.37500000000000006f,0f,0f,0f,1f],start_interpolation:0}
execute if entity @s[tag=aj.sully.bone.left_arm] run data modify entity @s {} merge value {transformation:[-1f,7.539678551159044e-17f,9.650348470981658e-17f,0.6875f,0f,0.7880107536067221f,-0.6156614753256581f,1.0343749999999998f,-1.2246467991473532e-16f,-0.6156614753256581f,-0.7880107536067221f,-0.2999999999999998f,0f,0f,0f,1f],start_interpolation:0}
execute if entity @s[tag=aj.sully.bone.right_arm] run data modify entity @s {} merge value {transformation:[-1f,8.697262470583169e-17f,8.621693788576076e-17f,-0.8124999999999999f,0f,0.7040147244559684f,-0.7101853756232853f,0.9093749999999999f,-1.2246467991473532e-16f,-0.7101853756232853f,-0.7040147244559684f,-0.375f,0f,0f,0f,1f],start_interpolation:0}
execute if entity @s[tag=aj.sully.bone.torso] run data modify entity @s {} merge value {transformation:[-1f,0f,1.2246467991473532e-16f,3.827021247335476e-17f,0f,1f,0f,0.6593749999999999f,-1.2246467991473532e-16f,0f,-1f,-0.3124999999999999f,0f,0f,0f,1f],start_interpolation:0}