execute if entity @s[tag=aj.sully.bone.jaw] run data modify entity @s {} merge value {transformation:[-1f,1.2154096108004371e-16f,1.5013081174691473e-17f,-0.12499999999999988f,0f,0.122591111046419f,-0.9924572633077984f,0.7874895526573351f,-1.2246467991473532e-16f,-0.9924572633077984f,-0.122591111046419f,-0.9869437213535212f,0f,0f,0f,1f],start_interpolation:0}
execute if entity @s[tag=aj.sully.bone.h_head] run data modify entity @s {} merge value {transformation:[-1f,1.2245039941989474e-16f,-1.8701627006264285e-18f,1.2131657354053467e-16f,0f,-0.01527103734667423f,-0.9998833909103383f,0.8500000000000002f,-1.2246467991473532e-16f,-0.9998833909103383f,0.01527103734667423f,-0.9906249999999999f,0f,0f,0f,1f],start_interpolation:0}
execute if entity @s[tag=aj.sully.bone.left_leg_down] run data modify entity @s {} merge value {transformation:[-1f,1.2224434124081058e-16f,7.342946358161044e-18f,0.3125f,0f,0.059959707266401124f,-0.9982007981886848f,0.0009850150022709114f,-1.2246467991473532e-16f,-0.9982007981886848f,-0.059959707266401124f,0.17524550386868504f,0f,0f,0f,1f],start_interpolation:0}
execute if entity @s[tag=aj.sully.bone.left_leg] run data modify entity @s {} merge value {transformation:[-1f,1.2224434124081058e-16f,7.342946358161044e-18f,0.3062500000000001f,0f,0.059959707266401124f,-0.9982007981886848f,0.22187499999999993f,-1.2246467991473532e-16f,-0.9982007981886848f,-0.059959707266401124f,-0.37499999999999994f,0f,0f,0f,1f],start_interpolation:0}
execute if entity @s[tag=aj.sully.bone.right_leg_down] run data modify entity @s {} merge value {transformation:[-1f,1.2232364793422932e-16f,5.875626152274446e-18f,-0.25f,0f,0.047978128521344164f,-0.9988483864849507f,0.007603230240815606f,-1.2246467991473532e-16f,-0.9988483864849507f,-0.047978128521344164f,0.17785631830003265f,0f,0f,0f,1f],start_interpolation:0}
execute if entity @s[tag=aj.sully.bone.right_leg] run data modify entity @s {} merge value {transformation:[-1f,1.2232364793422932e-16f,5.875626152274446e-18f,-0.24999999999999994f,0f,0.047978128521344164f,-0.9988483864849507f,0.22187499999999993f,-1.2246467991473532e-16f,-0.9988483864849507f,-0.047978128521344164f,-0.37500000000000006f,0f,0f,0f,1f],start_interpolation:0}
execute if entity @s[tag=aj.sully.bone.left_arm] run data modify entity @s {} merge value {transformation:[-1f,1.1561755969341834e-16f,4.037545934298982e-17f,0.6875000000000001f,0f,0.3296906452627875f,-0.9440890203927841f,0.6625000000000001f,-1.2246467991473532e-16f,-0.9440890203927841f,-0.3296906452627875f,-0.9062499999999998f,0f,0f,0f,1f],start_interpolation:0}
execute if entity @s[tag=aj.sully.bone.right_arm] run data modify entity @s {} merge value {transformation:[-1f,1.1354727397163214e-16f,4.5876076556629085e-17f,-0.8124999999999999f,0f,0.37460659341591224f,-0.9271838545667873f,0.565625f,-1.2246467991473532e-16f,-0.9271838545667873f,-0.37460659341591224f,-0.940625f,0f,0f,0f,1f],start_interpolation:0}
execute if entity @s[tag=aj.sully.bone.torso] run data modify entity @s {} merge value {transformation:[-1f,1.042784570937018e-16f,6.421527242623495e-17f,7.424421219830826e-17f,0f,0.5243574920617449f,-0.8514982210895788f,0.39375f,-1.2246467991473532e-16f,-0.8514982210895788f,-0.5243574920617449f,-0.60625f,0f,0f,0f,1f],start_interpolation:0}