execute if entity @s[tag=aj.sully.bone.jaw] run data modify entity @s {} merge value {transformation:[-1f,-1.5407439555097887e-33f,1.2246467991473532e-16f,-0.125f,0f,1f,0f,2.0353893675064874f,-1.2246467991473532e-16f,0f,-1f,0.08204194275836009f,0f,0f,0f,1f],start_interpolation:0}
execute if entity @s[tag=aj.sully.bone.h_head] run data modify entity @s {} merge value {transformation:[-1f,-1.5407439555097887e-33f,1.2246467991473532e-16f,-1.7708554094526505e-17f,0f,1f,0f,2.038115617506487f,-1.2246467991473532e-16f,0f,-1f,0.1446013177583601f,0f,0f,0f,1f],start_interpolation:0}
execute if entity @s[tag=aj.sully.bone.left_leg_down] run data modify entity @s {} merge value {transformation:[-1f,5.6087435798385596e-18f,1.2233617544321956e-16f,0.31250000000000006f,0f,0.9989506813588601f,-0.04579886693652068f,0.44914809278060314f,-1.2246467991473532e-16f,-0.04579886693652068f,-0.9989506813588601f,-0.14054877022579387f,0f,0f,0f,1f],start_interpolation:0}
execute if entity @s[tag=aj.sully.bone.left_leg] run data modify entity @s {} merge value {transformation:[-1f,1.3066726985550647e-17f,1.2176558821154547e-16f,0.30625f,0f,0.9942914830326867f,-0.1066979229819423f,1.0132181485342482f,-1.2246467991473532e-16f,-0.1066979229819423f,-0.9942914830326867f,-0.012971899252964297f,0f,0f,0f,1f],start_interpolation:0}
execute if entity @s[tag=aj.sully.bone.right_leg_down] run data modify entity @s {} merge value {transformation:[-1f,4.27395569285713e-18f,1.2239007774061617e-16f,-0.24999999999999997f,0f,0.9993908270190958f,-0.03489949670250088f,0.4536798947849085f,-1.2246467991473532e-16f,-0.03489949670250088f,-0.9993908270190958f,-0.08252589660490751f,0f,0f,0f,1f],start_interpolation:0}
execute if entity @s[tag=aj.sully.bone.right_leg] run data modify entity @s {} merge value {transformation:[-1f,1.2801044796052309e-17f,1.217938055844715e-16f,-0.25f,0f,0.9945218953682734f,-0.10452846326765312f,1.0132181485342482f,-1.2246467991473532e-16f,-0.10452846326765312f,-0.9945218953682734f,-0.012971899252964367f,0f,0f,0f,1f],start_interpolation:0}
execute if entity @s[tag=aj.sully.bone.left_arm] run data modify entity @s {} merge value {transformation:[-1f,-9.974478498744452e-19f,1.224606178508232e-16f,0.6875f,0f,0.9999668307309916f,0.008144779789314813f,1.8603236151471911f,-1.2246467991473532e-16f,0.008144779789314813f,-0.9999668307309916f,0.03634199011370903f,0f,0f,0f,1f],start_interpolation:0}
execute if entity @s[tag=aj.sully.bone.right_arm] run data modify entity @s {} merge value {transformation:[-1f,-1.4605301612408256e-18f,1.2245597036595105e-16f,-0.8125f,0f,0.9999288811370729f,0.011926133822892468f,1.862948612466808f,-1.2246467991473532e-16f,0.011926133822892468f,-0.9999288811370729f,0.029866072103727298f,0f,0f,0f,1f],start_interpolation:0}
execute if entity @s[tag=aj.sully.bone.torso] run data modify entity @s {} merge value {transformation:[-1f,-1.5407439555097887e-33f,1.2246467991473532e-16f,9.105899845132618e-18f,0f,1f,0f,1.434701353303482f,-1.2246467991473532e-16f,0f,-1f,-0.07435531494854268f,0f,0f,0f,1f],start_interpolation:0}