execute if entity @s[tag=aj.sully.bone.jaw] run data modify entity @s {} merge value {transformation:[-1f,2.5810181168658557e-17f,1.1971396065062585e-16f,-0.12499999999999996f,0f,0.9775386726521914f,-0.21075612320734935f,1.1957708262455362f,-1.2246467991473532e-16f,-0.21075612320734935f,-0.9775386726521914f,-0.2853427094597688f,0f,0f,0f,1f],start_interpolation:0}
execute if entity @s[tag=aj.sully.bone.h_head] run data modify entity @s {} merge value {transformation:[-1f,2.754855886670364e-17f,1.1932591810242374e-16f,2.7554552980815435e-17f,0f,0.9743700647852351f,-0.22495105434386486f,1.2125f,-1.2246467991473532e-16f,-0.22495105434386486f,-0.9743700647852351f,-0.22499999999999987f,0f,0f,0f,1f],start_interpolation:0}
execute if entity @s[tag=aj.sully.bone.left_leg_down] run data modify entity @s {} merge value {transformation:[-1f,1.2103937601947863e-16f,1.8629741797293843e-17f,0.3125f,0f,0.15212338618991691f,-0.9883615104677607f,0.004112812055466403f,-1.2246467991473532e-16f,-0.9883615104677607f,-0.15212338618991691f,0.152430214727506f,0f,0f,0f,1f],start_interpolation:0}
execute if entity @s[tag=aj.sully.bone.left_leg] run data modify entity @s {} merge value {transformation:[-1f,1.2103937601947863e-16f,1.8629741797293843e-17f,0.3062500000000001f,0f,0.15212338618991691f,-0.9883615104677607f,0.2749999999999998f,-1.2246467991473532e-16f,-0.9883615104677607f,-0.15212338618991691f,-0.37499999999999994f,0f,0f,0f,1f],start_interpolation:0}
execute if entity @s[tag=aj.sully.bone.right_leg_down] run data modify entity @s {} merge value {transformation:[-1f,1.2155184676135683e-16f,1.4924690131530372e-17f,-0.25f,0f,0.12186934340514768f,-0.992546151641322f,0.02034609090185638f,-1.2246467991473532e-16f,-0.992546151641322f,-0.12186934340514768f,0.16045670840977838f,0f,0f,0f,1f],start_interpolation:0}
execute if entity @s[tag=aj.sully.bone.right_leg] run data modify entity @s {} merge value {transformation:[-1f,1.2155184676135683e-16f,1.4924690131530372e-17f,-0.24999999999999994f,0f,0.12186934340514768f,-0.992546151641322f,0.2749999999999998f,-1.2246467991473532e-16f,-0.992546151641322f,-0.12186934340514768f,-0.37500000000000006f,0f,0f,0f,1f],start_interpolation:0}
execute if entity @s[tag=aj.sully.bone.left_arm] run data modify entity @s {} merge value {transformation:[-1f,8.352071086742828e-17f,8.956499697324857e-17f,0.6875000000000001f,0f,0.7313537016191705f,-0.6819983600624985f,1.025f,-1.2246467991473532e-16f,-0.6819983600624985f,-0.7313537016191705f,-0.3749999999999997f,0f,0f,0f,1f],start_interpolation:0}
execute if entity @s[tag=aj.sully.bone.right_arm] run data modify entity @s {} merge value {transformation:[-1f,9.100899318238091e-17f,8.194486552889036e-17f,-0.8124999999999999f,0f,0.6691306063588583f,-0.7431448254773941f,0.8999999999999998f,-1.2246467991473532e-16f,-0.7431448254773941f,-0.6691306063588583f,-0.4375f,0f,0f,0f,1f],start_interpolation:0}
execute if entity @s[tag=aj.sully.bone.torso] run data modify entity @s {} merge value {transformation:[-1f,1.386339533940606e-17f,1.2167745927772288e-16f,4.133182947122315e-17f,0f,0.9935718556765875f,-0.11320321376790676f,0.6374999999999997f,-1.2246467991473532e-16f,-0.11320321376790676f,-0.9935718556765875f,-0.33749999999999997f,0f,0f,0f,1f],start_interpolation:0}