execute if entity @s[tag=aj.sully.bone.jaw] run data modify entity @s {} merge value {transformation:[-1f,0f,1.2246467991473532e-16f,-0.12499999999999997f,0f,1f,0f,1.22539875f,-1.2246467991473532e-16f,0f,-1f,-0.1875593749999998f,0f,0f,0f,1f],start_interpolation:0}
execute if entity @s[tag=aj.sully.bone.h_head] run data modify entity @s {} merge value {transformation:[-1f,0f,1.2246467991473532e-16f,1.5308084989341894e-17f,0f,1f,0f,1.228125f,-1.2246467991473532e-16f,0f,-1f,-0.12499999999999978f,0f,0f,0f,1f],start_interpolation:0}
execute if entity @s[tag=aj.sully.bone.left_leg_down] run data modify entity @s {} merge value {transformation:[-1f,1.2048638620125032e-16f,2.192324261558342e-17f,0.3125f,0f,0.17901686127663288f,-0.9838460059270774f,0.005456889420566796f,-1.2246467991473532e-16f,-0.9838460059270774f,-0.17901686127663288f,0.14484771684461248f,0f,0f,0f,1f],start_interpolation:0}
execute if entity @s[tag=aj.sully.bone.left_leg] run data modify entity @s {} merge value {transformation:[-1f,1.2048638620125032e-16f,2.192324261558342e-17f,0.3062500000000001f,0f,0.17901686127663288f,-0.9838460059270774f,0.2906249999999998f,-1.2246467991473532e-16f,-0.9838460059270774f,-0.17901686127663288f,-0.37499999999999994f,0f,0f,0f,1f],start_interpolation:0}
execute if entity @s[tag=aj.sully.bone.right_leg_down] run data modify entity @s {} merge value {transformation:[-1f,1.2119734031404482e-16f,1.7572778022275914e-17f,-0.25f,0f,0.14349262199117954f,-0.9896513868196702f,0.024350765101273125f,-1.2246467991473532e-16f,-0.9896513868196702f,-0.14349262199117954f,0.15477403846271828f,0f,0f,0f,1f],start_interpolation:0}
execute if entity @s[tag=aj.sully.bone.right_leg] run data modify entity @s {} merge value {transformation:[-1f,1.2119734031404482e-16f,1.7572778022275914e-17f,-0.24999999999999994f,0f,0.14349262199117954f,-0.9896513868196702f,0.2906249999999998f,-1.2246467991473532e-16f,-0.9896513868196702f,-0.14349262199117954f,-0.37500000000000006f,0f,0f,0f,1f],start_interpolation:0}
execute if entity @s[tag=aj.sully.bone.left_arm] run data modify entity @s {} merge value {transformation:[-1f,6.848137993413648e-17f,1.0152782096024236e-16f,0.6875f,0f,0.8290375725550418f,-0.5591929034707467f,1.040625f,-1.2246467991473532e-16f,-0.5591929034707467f,-0.8290375725550418f,-0.2749999999999997f,0f,0f,0f,1f],start_interpolation:0}
execute if entity @s[tag=aj.sully.bone.right_arm] run data modify entity @s {} merge value {transformation:[-1f,7.994001414656914e-17f,9.277495332720412e-17f,-0.8124999999999999f,0f,0.7575649843840497f,-0.6527597524627222f,0.9156249999999998f,-1.2246467991473532e-16f,-0.6527597524627222f,-0.7575649843840497f,-0.375f,0f,0f,0f,1f],start_interpolation:0}
execute if entity @s[tag=aj.sully.bone.torso] run data modify entity @s {} merge value {transformation:[-1f,0f,1.2246467991473532e-16f,3.827021247335476e-17f,0f,1f,0f,0.6656249999999998f,-1.2246467991473532e-16f,0f,-1f,-0.3124999999999999f,0f,0f,0f,1f],start_interpolation:0}