execute if entity @s[tag=aj.sully.bone.jaw] run data modify entity @s {} merge value {transformation:[-1f,0f,1.2246467991473532e-16f,-0.12499999999999997f,0f,1f,0f,1.22852375f,-1.2246467991473532e-16f,0f,-1f,-0.1875593749999998f,0f,0f,0f,1f],start_interpolation:0}
execute if entity @s[tag=aj.sully.bone.h_head] run data modify entity @s {} merge value {transformation:[-1f,0f,1.2246467991473532e-16f,1.5308084989341894e-17f,0f,1f,0f,1.2312499999999997f,-1.2246467991473532e-16f,0f,-1f,-0.12499999999999978f,0f,0f,0f,1f],start_interpolation:0}
execute if entity @s[tag=aj.sully.bone.left_leg_down] run data modify entity @s {} merge value {transformation:[-1f,1.2036502195689097e-16f,2.2580064568900922e-17f,0.3125f,0f,0.1843802195426636f,-0.9828549916653012f,0.005750815570007589f,-1.2246467991473532e-16f,-0.9828549916653012f,-0.1843802195426636f,0.1432846416474826f,0f,0f,0f,1f],start_interpolation:0}
execute if entity @s[tag=aj.sully.bone.left_leg] run data modify entity @s {} merge value {transformation:[-1f,1.2036502195689097e-16f,2.2580064568900922e-17f,0.3062500000000001f,0f,0.1843802195426636f,-0.9828549916653012f,0.29374999999999984f,-1.2246467991473532e-16f,-0.9828549916653012f,-0.1843802195426636f,-0.37499999999999994f,0f,0f,0f,1f],start_interpolation:0}
execute if entity @s[tag=aj.sully.bone.right_leg_down] run data modify entity @s {} merge value {transformation:[-1f,1.2111951113721276e-16f,1.810143222237331e-17f,-0.25f,0f,0.14780941112961085f,-0.9890158633619168f,0.025166731859234348f,-1.2246467991473532e-16f,-0.9890158633619168f,-0.14780941112961085f,0.15360715855427615f,0f,0f,0f,1f],start_interpolation:0}
execute if entity @s[tag=aj.sully.bone.right_leg] run data modify entity @s {} merge value {transformation:[-1f,1.2111951113721276e-16f,1.810143222237331e-17f,-0.24999999999999994f,0f,0.14780941112961085f,-0.9890158633619168f,0.29374999999999984f,-1.2246467991473532e-16f,-0.9890158633619168f,-0.14780941112961085f,-0.37500000000000006f,0f,0f,0f,1f],start_interpolation:0}
execute if entity @s[tag=aj.sully.bone.left_arm] run data modify entity @s {} merge value {transformation:[-1f,6.489639307497146e-17f,1.0385593864809739e-16f,0.6875f,0f,0.8480480961564261f,-0.5299192642332047f,1.0437499999999997f,-1.2246467991473532e-16f,-0.5299192642332047f,-0.8480480961564261f,-0.26249999999999973f,0f,0f,0f,1f],start_interpolation:0}
execute if entity @s[tag=aj.sully.bone.right_arm] run data modify entity @s {} merge value {transformation:[-1f,7.623605571806381e-17f,9.584185742759186e-17f,-0.8124999999999999f,0f,0.782608156852414f,-0.6225146366376193f,0.9187499999999998f,-1.2246467991473532e-16f,-0.6225146366376193f,-0.782608156852414f,-0.375f,0f,0f,0f,1f],start_interpolation:0}
execute if entity @s[tag=aj.sully.bone.torso] run data modify entity @s {} merge value {transformation:[-1f,0f,1.2246467991473532e-16f,3.827021247335476e-17f,0f,1f,0f,0.6687499999999998f,-1.2246467991473532e-16f,0f,-1f,-0.3124999999999999f,0f,0f,0f,1f],start_interpolation:0}