execute if entity @s[tag=aj.sully.bone.jaw] run data modify entity @s {} merge value {transformation:[-1f,1.2231934271328033e-16f,-5.9645808578347955e-18f,-0.12499999999999986f,0f,-0.04870449881539371f,-0.9988132316880575f,0.6394783972717858f,-1.2246467991473532e-16f,-0.9988132316880575f,0.04870449881539371f,-1.1370550453435202f,0f,0f,0f,1f],start_interpolation:0}
execute if entity @s[tag=aj.sully.bone.h_head] run data modify entity @s {} merge value {transformation:[-1f,1.1961932100759498e-16f,-2.6245301832909426e-17f,1.4121708402667915e-16f,0f,-0.2143091530650505f,-0.9767658813208724f,0.7000000000000002f,-1.2246467991473532e-16f,-0.9767658813208724f,0.2143091530650505f,-1.153125f,0f,0f,0f,1f],start_interpolation:0}
execute if entity @s[tag=aj.sully.bone.left_leg_down] run data modify entity @s {} merge value {transformation:[-1f,1.2237543592857915e-16f,4.674452685480178e-18f,0.3125f,0f,0.03816980282588183f,-0.9992712675506252f,0.0005411232446992376f,-1.2246467991473532e-16f,-0.9992712675506252f,-0.03816980282588183f,0.17993324996737395f,0f,0f,0f,1f],start_interpolation:0}
execute if entity @s[tag=aj.sully.bone.left_leg] run data modify entity @s {} merge value {transformation:[-1f,1.2237543592857915e-16f,4.674452685480178e-18f,0.3062500000000001f,0f,0.03816980282588183f,-0.9992712675506252f,0.20937499999999998f,-1.2246467991473532e-16f,-0.9992712675506252f,-0.03816980282588183f,-0.37499999999999994f,0f,0f,0f,1f],start_interpolation:0}
execute if entity @s[tag=aj.sully.bone.right_leg_down] run data modify entity @s {} merge value {transformation:[-1f,1.2240756126584407e-16f,3.739889245312875e-18f,-0.25f,0f,0.030538513209822878f,-0.9995335908367129f,0.004784538037590935f,-1.2246467991473532e-16f,-0.9995335908367129f,-0.030538513209822878f,0.18151167361880913f,0f,0f,0f,1f],start_interpolation:0}
execute if entity @s[tag=aj.sully.bone.right_leg] run data modify entity @s {} merge value {transformation:[-1f,1.2240756126584407e-16f,3.739889245312875e-18f,-0.24999999999999994f,0f,0.030538513209822878f,-0.9995335908367129f,0.20937499999999998f,-1.2246467991473532e-16f,-0.9995335908367129f,-0.030538513209822878f,-0.37500000000000006f,0f,0f,0f,1f],start_interpolation:0}
execute if entity @s[tag=aj.sully.bone.left_arm] run data modify entity @s {} merge value {transformation:[-1f,1.196762946556746e-16f,2.5984270705692866e-17f,0.6875000000000001f,0f,0.21217767215644648f,-0.9772311064626789f,0.5125000000000002f,-1.2246467991473532e-16f,-0.9772311064626789f,-0.21217767215644648f,-1.0312499999999998f,0f,0f,0f,1f],start_interpolation:0}
execute if entity @s[tag=aj.sully.bone.right_arm] run data modify entity @s {} merge value {transformation:[-1f,1.1882695554102554e-16f,2.9626887508979345e-17f,-0.8124999999999999f,0f,0.2419218955996679f,-0.9702957262759965f,0.42812500000000014f,-1.2246467991473532e-16f,-0.9702957262759965f,-0.2419218955996679f,-1.053125f,0f,0f,0f,1f],start_interpolation:0}
execute if entity @s[tag=aj.sully.bone.torso] run data modify entity @s {} merge value {transformation:[-1f,1.1498750248751766e-16f,4.213635126944073e-17f,8.342906319191342e-17f,0f,0.34406941902577703f,-0.9389442128748993f,0.3187500000000001f,-1.2246467991473532e-16f,-0.9389442128748993f,-0.34406941902577703f,-0.68125f,0f,0f,0f,1f],start_interpolation:0}