execute if entity @s[tag=aj.sully.bone.jaw] run data modify entity @s {} merge value {transformation:[-1f,-1.200866698803837e-16f,2.4016443193327458e-17f,-0.1250000000000001f,0f,0.19610914110132524f,0.9805820744723516f,0.2436345278457757f,-1.2246467991473532e-16f,0.9805820744723516f,-0.19610914110132524f,0.8529325366958956f,0f,0f,0f,1f],start_interpolation:0}
execute if entity @s[tag=aj.sully.bone.h_head] run data modify entity @s {} merge value {transformation:[-1f,-1.12042026619618e-16f,4.943867006289095e-17f,-1.0785241697036349e-16f,0f,0.40369737705036324f,0.9148925771710342f,0.1875f,-1.2246467991473532e-16f,0.9148925771710342f,-0.40369737705036324f,0.8806818181818181f,0f,0f,0f,1f],start_interpolation:0}
execute if entity @s[tag=aj.sully.bone.left_leg_down] run data modify entity @s {} merge value {transformation:[-1f,-8.659560562354934e-17f,8.659560562354932e-17f,0.3125f,0f,0.7071067811865475f,0.7071067811865476f,0.4103602992502556f,-1.2246467991473532e-16f,0.7071067811865476f,-0.7071067811865475f,-0.07008252147247761f,0f,0f,0f,1f],start_interpolation:0}
execute if entity @s[tag=aj.sully.bone.left_leg] run data modify entity @s {} merge value {transformation:[-1f,0f,1.2246467991473532e-16f,0.30625f,0f,1f,0f,0.8402777777777779f,-1.2246467991473532e-16f,0f,-1f,4.163336342344337e-17f,0f,0f,0f,1f],start_interpolation:0}
execute if entity @s[tag=aj.sully.bone.right_leg_down] run data modify entity @s {} merge value {transformation:[-1f,-8.659560562354934e-17f,8.659560562354932e-17f,-0.24999999999999997f,0f,0.7071067811865475f,0.7071067811865476f,0.4103602992502556f,-1.2246467991473532e-16f,0.7071067811865476f,-0.7071067811865475f,-0.07008252147247768f,0f,0f,0f,1f],start_interpolation:0}
execute if entity @s[tag=aj.sully.bone.right_leg] run data modify entity @s {} merge value {transformation:[-1f,0f,1.2246467991473532e-16f,-0.25f,0f,1f,0f,0.8402777777777779f,-1.2246467991473532e-16f,0f,-1f,-2.7755575615628914e-17f,0f,0f,0f,1f],start_interpolation:0}
execute if entity @s[tag=aj.sully.bone.left_arm] run data modify entity @s {} merge value {transformation:[-1f,0f,1.2246467991473532e-16f,0.6875f,0f,1f,0f,1.715277777777778f,-1.2246467991473532e-16f,0f,-1f,0.06250000000000008f,0f,0f,0f,1f],start_interpolation:0}
execute if entity @s[tag=aj.sully.bone.right_arm] run data modify entity @s {} merge value {transformation:[-1f,0f,1.2246467991473532e-16f,-0.8125f,0f,1f,0f,1.715277777777778f,-1.2246467991473532e-16f,0f,-1f,0.0624999999999999f,0f,0f,0f,1f],start_interpolation:0}
execute if entity @s[tag=aj.sully.bone.torso] run data modify entity @s {} merge value {transformation:[-1f,0f,1.2246467991473532e-16f,7.654042494670958e-18f,0f,1f,0f,1.277777777777778f,-1.2246467991473532e-16f,0f,-1f,-0.0625f,0f,0f,0f,1f],start_interpolation:0}