execute if entity @s[tag=aj.sully.bone.jaw] run data modify entity @s {} merge value {transformation:[-1f,5.722390299565794e-17f,1.0827290867323232e-16f,-0.12500000000000008f,0f,0.88411539350461f,-0.46726862827306165f,0.1449122061625439f,-1.2246467991473532e-16f,-0.46726862827306165f,-0.88411539350461f,0.5506846169784823f,0f,0f,0f,1f],start_interpolation:0}
execute if entity @s[tag=aj.sully.bone.h_head] run data modify entity @s {} merge value {transformation:[-1f,7.930201455966912e-17f,9.332088894452626e-17f,-7.306131472185914e-17f,0f,0.762022887003011f,-0.6475500904822702f,0.1875f,-1.2246467991473532e-16f,-0.6475500904822702f,-0.762022887003011f,0.5965909090909091f,0f,0f,0f,1f],start_interpolation:0}
execute if entity @s[tag=aj.sully.bone.left_leg_down] run data modify entity @s {} merge value {transformation:[-0.9999999507549943f,0.0002923788626288241f,0.00011403775586355651f,0.3125213820792244f,0.0002917535949971326f,0.9999851333303538f,-0.005444997531165907f,0.4989790629629064f,-0.00011562806268709194f,-0.005444963992101734f,-0.9999851693886644f,-0.12499721926037453f,0f,0f,0f,1f],start_interpolation:0}