execute if entity @s[tag=aj.sully.bone.jaw] run data modify entity @s {} merge value {transformation:[-1f,-7.210639127862657e-17f,9.898619178144083e-17f,-0.12500000000000008f,0f,0.8082835953220052f,0.5887933674332048f,0.21001821725886244f,-1.2246467991473532e-16f,0.5887933674332048f,-0.8082835953220052f,0.7086156870383371f,0f,0f,0f,1f],start_interpolation:0}
execute if entity @s[tag=aj.sully.bone.h_head] run data modify entity @s {} merge value {transformation:[-1f,-4.897264875877264e-17f,1.1224650328704437e-16f,-9.393597607096176e-17f,0f,0.9165622558699762f,0.399892024319741f,0.1875f,-1.2246467991473532e-16f,0.399892024319741f,-0.9165622558699762f,0.7670454545454546f,0f,0f,0f,1f],start_interpolation:0}
execute if entity @s[tag=aj.sully.bone.left_leg_down] run data modify entity @s {} merge value {transformation:[-1f,-4.6865204053262974e-17f,1.1314261122877003e-16f,0.3125f,0f,0.9238795325112867f,0.3826834323650897f,0.46064203245734314f,-1.2246467991473532e-16f,0.3826834323650897f,-0.9238795325112867f,-0.11072741234586621f,0f,0f,0f,1f],start_interpolation:0}
execute if entity @s[tag=aj.sully.bone.left_leg] run data modify entity @s {} merge value {transformation:[-1f,0f,1.2246467991473532e-16f,0.30625f,0f,1f,0f,0.9513888888888888f,-1.2246467991473532e-16f,0f,-1f,4.163336342344337e-17f,0f,0f,0f,1f],start_interpolation:0}
execute if entity @s[tag=aj.sully.bone.right_leg_down] run data modify entity @s {} merge value {transformation:[-1f,-4.6865204053262974e-17f,1.1314261122877003e-16f,-0.24999999999999997f,0f,0.9238795325112867f,0.3826834323650897f,0.46064203245734314f,-1.2246467991473532e-16f,0.3826834323650897f,-0.9238795325112867f,-0.11072741234586628f,0f,0f,0f,1f],start_interpolation:0}
execute if entity @s[tag=aj.sully.bone.right_leg] run data modify entity @s {} merge value {transformation:[-1f,0f,1.2246467991473532e-16f,-0.25f,0f,1f,0f,0.9513888888888888f,-1.2246467991473532e-16f,0f,-1f,-2.7755575615628914e-17f,0f,0f,0f,1f],start_interpolation:0}
execute if entity @s[tag=aj.sully.bone.left_arm] run data modify entity @s {} merge value {transformation:[-1f,0f,1.2246467991473532e-16f,0.6875f,0f,1f,0f,1.8263888888888888f,-1.2246467991473532e-16f,0f,-1f,0.06250000000000008f,0f,0f,0f,1f],start_interpolation:0}
execute if entity @s[tag=aj.sully.bone.right_arm] run data modify entity @s {} merge value {transformation:[-1f,0f,1.2246467991473532e-16f,-0.8125f,0f,1f,0f,1.8263888888888888f,-1.2246467991473532e-16f,0f,-1f,0.0624999999999999f,0f,0f,0f,1f],start_interpolation:0}
execute if entity @s[tag=aj.sully.bone.torso] run data modify entity @s {} merge value {transformation:[-1f,0f,1.2246467991473532e-16f,7.654042494670958e-18f,0f,1f,0f,1.3888888888888888f,-1.2246467991473532e-16f,0f,-1f,-0.0625f,0f,0f,0f,1f],start_interpolation:0}