execute if entity @s[tag=aj.sully.bone.jaw] run data modify entity @s {} merge value {transformation:[-1f,-1.0314872267875637e-16f,6.601468652019478e-17f,-0.1250000000000001f,0f,0.5390508231937304f,0.8422732395215708f,0.22971239905226873f,-1.2246467991473532e-16f,0.8422732395215708f,-0.5390508231937304f,0.7776119206581065f,0f,0f,0f,1f],start_interpolation:0}
execute if entity @s[tag=aj.sully.bone.h_head] run data modify entity @s {} merge value {transformation:[-1f,-8.641549282611533e-17f,8.677534457573872e-17f,-1.0089419652066261e-16f,0f,0.7085744611111963f,0.7056360485838133f,0.1875f,-1.2246467991473532e-16f,0.7056360485838133f,-0.7085744611111963f,0.8238636363636362f,0f,0f,0f,1f],start_interpolation:0}
execute if entity @s[tag=aj.sully.bone.left_leg_down] run data modify entity @s {} merge value {transformation:[-1f,-6.803773075690048e-17f,1.0182565992946029e-16f,0.3125f,0f,0.8314696123025453f,0.5555702330196021f,0.43750275202450883f,-1.2246467991473532e-16f,0.5555702330196021f,-0.8314696123025453f,-0.09340055230672721f,0f,0f,0f,1f],start_interpolation:0}
execute if entity @s[tag=aj.sully.bone.left_leg] run data modify entity @s {} merge value {transformation:[-1f,0f,1.2246467991473532e-16f,0.30625f,0f,1f,0f,0.8958333333333335f,-1.2246467991473532e-16f,0f,-1f,4.163336342344337e-17f,0f,0f,0f,1f],start_interpolation:0}
execute if entity @s[tag=aj.sully.bone.right_leg_down] run data modify entity @s {} merge value {transformation:[-1f,-6.803773075690048e-17f,1.0182565992946029e-16f,-0.24999999999999997f,0f,0.8314696123025453f,0.5555702330196021f,0.43750275202450883f,-1.2246467991473532e-16f,0.5555702330196021f,-0.8314696123025453f,-0.09340055230672728f,0f,0f,0f,1f],start_interpolation:0}
execute if entity @s[tag=aj.sully.bone.right_leg] run data modify entity @s {} merge value {transformation:[-1f,0f,1.2246467991473532e-16f,-0.25f,0f,1f,0f,0.8958333333333335f,-1.2246467991473532e-16f,0f,-1f,-2.7755575615628914e-17f,0f,0f,0f,1f],start_interpolation:0}
execute if entity @s[tag=aj.sully.bone.left_arm] run data modify entity @s {} merge value {transformation:[-1f,0f,1.2246467991473532e-16f,0.6875f,0f,1f,0f,1.7708333333333335f,-1.2246467991473532e-16f,0f,-1f,0.06250000000000008f,0f,0f,0f,1f],start_interpolation:0}
execute if entity @s[tag=aj.sully.bone.right_arm] run data modify entity @s {} merge value {transformation:[-1f,0f,1.2246467991473532e-16f,-0.8125f,0f,1f,0f,1.7708333333333335f,-1.2246467991473532e-16f,0f,-1f,0.0624999999999999f,0f,0f,0f,1f],start_interpolation:0}
execute if entity @s[tag=aj.sully.bone.torso] run data modify entity @s {} merge value {transformation:[-1f,0f,1.2246467991473532e-16f,7.654042494670958e-18f,0f,1f,0f,1.3333333333333335f,-1.2246467991473532e-16f,0f,-1f,-0.0625f,0f,0f,0f,1f],start_interpolation:0}