execute if entity @s[tag=aj.sully.bone.jaw] run data modify entity @s {} merge value {transformation:[-1f,1.126496381258858e-16f,-4.8038077154748327e-17f,-0.12500000000000006f,0f,-0.3922606680407307f,-0.9198541016423418f,0.1382167265902071f,-1.2246467991473532e-16f,-0.9198541016423418f,0.3922606680407307f,0.4079480511095569f,0f,0f,0f,1f],start_interpolation:0}
execute if entity @s[tag=aj.sully.bone.h_head] run data modify entity @s {} merge value {transformation:[-1f,9.958204903210519e-17f,-7.12812271021338e-17f,-4.5228432923055666e-17f,0f,-0.5820553905972119f,-0.8131491390124735f,0.1875f,-1.2246467991473532e-16f,-0.8131491390124735f,0.5820553905972119f,0.3693181818181819f,0f,0f,0f,1f],start_interpolation:0}
execute if entity @s[tag=aj.sully.bone.left_leg_down] run data modify entity @s {} merge value {transformation:[-0.9999987688752126f,0.0014739647854804144f,0.0005382154497614065f,0.31260091539683027f,0.001458767244261429f,0.9996283372461685f,-0.027222405709036977f,0.49489579892955554f,-0.0005781402825163751f,-0.027221587063790065f,-0.9996292567504926f,-0.12493048564071733f,0f,0f,0f,1f],start_interpolation:0}