execute if entity @s[tag=aj.sully.bone.jaw] run data modify entity @s {} merge value {transformation:[-1f,8.749054643716922e-17f,-8.569131875951095e-17f,-0.12500000000000003f,0f,-0.699722718576267f,-0.7144145275036324f,0.15562451273740893f,-1.2246467991473532e-16f,-0.7144145275036324f,0.699722718576267f,0.36639861919590816f,0f,0f,0f,1f],start_interpolation:0}
execute if entity @s[tag=aj.sully.bone.h_head] run data modify entity @s {} merge value {transformation:[-1f,6.686967519719395e-17f,-1.0259651244384656e-16f,-3.827021247335479e-17f,0f,-0.8377641007617727f,-0.5460323355579031f,0.1875f,-1.2246467991473532e-16f,-0.5460323355579031f,0.8377641007617727f,0.3125f,0f,0f,0f,1f],start_interpolation:0}
execute if entity @s[tag=aj.sully.bone.left_leg_down] run data modify entity @s {} merge value {transformation:[-0.9999982271805412f,0.0017722479149639217f,0.0006362178105758238f,0.312619290839483f,0.0017505202912154968f,0.9994648137773008f,-0.0326652980977608f,0.49387525660666987f,-0.0006937683220143994f,-0.03266412647589766f,-0.9994661442625667f,-0.12489990204923122f,0f,0f,0f,1f],start_interpolation:0}