execute if entity @s[tag=aj.sully.bone.jaw] run data modify entity @s {} merge value {transformation:[-1f,-1.2060416625018979e-16f,-2.1265768495757688e-17f,-0.1250000000000001f,0f,-0.17364817766693014f,0.984807753012208f,0.2498809149822178f,-1.2246467991473532e-16f,0.984807753012208f,0.17364817766693014f,0.9320475431744543f,0f,0f,0f,1f],start_interpolation:0}
execute if entity @s[tag=aj.sully.bone.h_head] run data modify entity @s {} merge value {transformation:[-1f,-1.2234812067540777e-16f,5.3418343117727495e-18f,-1.1481063742006437e-16f,0f,0.043619387365336215f,0.9990482215818577f,0.1875f,-1.2246467991473532e-16f,0.9990482215818577f,-0.043619387365336215f,0.9375f,0f,0f,0f,1f],start_interpolation:0}
execute if entity @s[tag=aj.sully.bone.left_leg_down] run data modify entity @s {} merge value {transformation:[-1f,-1.0182565992946029e-16f,6.80377307569005e-17f,0.3125f,0f,0.5555702330196022f,0.8314696123025453f,0.3781227745289496f,-1.2246467991473532e-16f,0.8314696123025453f,-0.5555702330196022f,-0.04166941869117537f,0f,0f,0f,1f],start_interpolation:0}
execute if entity @s[tag=aj.sully.bone.left_leg] run data modify entity @s {} merge value {transformation:[-1f,0f,1.2246467991473532e-16f,0.30625f,0f,1f,0f,0.7847222222222223f,-1.2246467991473532e-16f,0f,-1f,4.163336342344337e-17f,0f,0f,0f,1f],start_interpolation:0}
execute if entity @s[tag=aj.sully.bone.right_leg_down] run data modify entity @s {} merge value {transformation:[-1f,-1.0182565992946029e-16f,6.80377307569005e-17f,-0.25f,0f,0.5555702330196022f,0.8314696123025453f,0.3781227745289496f,-1.2246467991473532e-16f,0.8314696123025453f,-0.5555702330196022f,-0.041669418691175436f,0f,0f,0f,1f],start_interpolation:0}
execute if entity @s[tag=aj.sully.bone.right_leg] run data modify entity @s {} merge value {transformation:[-1f,0f,1.2246467991473532e-16f,-0.25f,0f,1f,0f,0.7847222222222223f,-1.2246467991473532e-16f,0f,-1f,-2.7755575615628914e-17f,0f,0f,0f,1f],start_interpolation:0}
execute if entity @s[tag=aj.sully.bone.left_arm] run data modify entity @s {} merge value {transformation:[-1f,0f,1.2246467991473532e-16f,0.6875f,0f,1f,0f,1.6597222222222223f,-1.2246467991473532e-16f,0f,-1f,0.06250000000000008f,0f,0f,0f,1f],start_interpolation:0}
execute if entity @s[tag=aj.sully.bone.right_arm] run data modify entity @s {} merge value {transformation:[-1f,0f,1.2246467991473532e-16f,-0.8125f,0f,1f,0f,1.6597222222222223f,-1.2246467991473532e-16f,0f,-1f,0.0624999999999999f,0f,0f,0f,1f],start_interpolation:0}
execute if entity @s[tag=aj.sully.bone.torso] run data modify entity @s {} merge value {transformation:[-1f,0f,1.2246467991473532e-16f,7.654042494670958e-18f,0f,1f,0f,1.2222222222222223f,-1.2246467991473532e-16f,0f,-1f,-0.0625f,0f,0f,0f,1f],start_interpolation:0}