execute if entity @s[tag=aj.sully.bone.jaw] run data modify entity @s {} merge value {transformation:[-1f,1.1542329082954617e-16f,4.092751837940554e-17f,-0.12500000000000006f,0f,0.33419854939318727f,-0.9425026947353992f,0.1250767359431634f,-1.2246467991473532e-16f,-0.9425026947353992f,-0.33419854939318727f,0.47801046374571665f,0f,0f,0f,1f],start_interpolation:0}
execute if entity @s[tag=aj.sully.bone.h_head] run data modify entity @s {} merge value {transformation:[-1f,1.2154563424301188e-16f,1.497520026852897e-17f,-5.91448738224574e-17f,0f,0.1222817899736911f,-0.9924954225792831f,0.1875f,-1.2246467991473532e-16f,-0.9924954225792831f,-0.1222817899736911f,0.48295454545454547f,0f,0f,0f,1f],start_interpolation:0}
execute if entity @s[tag=aj.sully.bone.left_leg_down] run data modify entity @s {} merge value {transformation:[-0.999999556794991f,0.0008808100101288453f,0.0003325410465003603f,0.3125623514462188f,0.0008752606388465322f,0.9998661993494632f,-0.016334543681217496f,0.4969372730597717f,-0.0003468841818773116f,-0.01633424538157711f,-0.9998665271420875f,-0.12497497383914137f,0f,0f,0f,1f],start_interpolation:0}