execute if entity @s[tag=aj.sully.bone.jaw] run data modify entity @s {} merge value {transformation:[-1f,-3.120435227039867e-17f,1.184224903724096e-16f,-0.12500000000000008f,0f,0.9669930175366476f,0.254802872894653f,0.18724493201719042f,-1.2246467991473532e-16f,0.254802872894653f,-0.9669930175366476f,0.6476090423164949f,0f,0f,0f,1f],start_interpolation:0}
execute if entity @s[tag=aj.sully.bone.h_head] run data modify entity @s {} merge value {transformation:[-1f,-4.833366428561012e-18f,1.2236926246237588e-16f,-8.697775562126088e-17f,0f,0.999220857373523f,0.03946743201326448f,0.1875f,-1.2246467991473532e-16f,0.03946743201326448f,-0.999220857373523f,0.7102272727272727f,0f,0f,0f,1f],start_interpolation:0}
execute if entity @s[tag=aj.sully.bone.left_leg_down] run data modify entity @s {} merge value {transformation:[-1f,-2.3891673840167762e-17f,1.2011155542966555e-16f,0.3125f,0f,0.9807852804032305f,0.19509032201612805f,0.4810238798224684f,-1.2246467991473532e-16f,0.19509032201612805f,-0.9807852804032305f,-0.12139724007560569f,0f,0f,0f,1f],start_interpolation:0}
execute if entity @s[tag=aj.sully.bone.left_leg] run data modify entity @s {} merge value {transformation:[-1f,0f,1.2246467991473532e-16f,0.30625f,0f,1f,0f,1.0069444444444444f,-1.2246467991473532e-16f,0f,-1f,4.163336342344337e-17f,0f,0f,0f,1f],start_interpolation:0}
execute if entity @s[tag=aj.sully.bone.right_leg_down] run data modify entity @s {} merge value {transformation:[-1f,-2.3891673840167762e-17f,1.2011155542966555e-16f,-0.24999999999999997f,0f,0.9807852804032305f,0.19509032201612805f,0.4810238798224684f,-1.2246467991473532e-16f,0.19509032201612805f,-0.9807852804032305f,-0.12139724007560576f,0f,0f,0f,1f],start_interpolation:0}
execute if entity @s[tag=aj.sully.bone.right_leg] run data modify entity @s {} merge value {transformation:[-1f,0f,1.2246467991473532e-16f,-0.25f,0f,1f,0f,1.0069444444444444f,-1.2246467991473532e-16f,0f,-1f,-2.7755575615628914e-17f,0f,0f,0f,1f],start_interpolation:0}
execute if entity @s[tag=aj.sully.bone.left_arm] run data modify entity @s {} merge value {transformation:[-1f,0f,1.2246467991473532e-16f,0.6875f,0f,1f,0f,1.8819444444444444f,-1.2246467991473532e-16f,0f,-1f,0.06250000000000008f,0f,0f,0f,1f],start_interpolation:0}
execute if entity @s[tag=aj.sully.bone.right_arm] run data modify entity @s {} merge value {transformation:[-1f,0f,1.2246467991473532e-16f,-0.8125f,0f,1f,0f,1.8819444444444444f,-1.2246467991473532e-16f,0f,-1f,0.0624999999999999f,0f,0f,0f,1f],start_interpolation:0}
execute if entity @s[tag=aj.sully.bone.torso] run data modify entity @s {} merge value {transformation:[-1f,0f,1.2246467991473532e-16f,7.654042494670958e-18f,0f,1f,0f,1.4444444444444444f,-1.2246467991473532e-16f,0f,-1f,-0.0625f,0f,0f,0f,1f],start_interpolation:0}