execute if entity @s[tag=aj.sully.bone.jaw] run data modify entity @s {} merge value {transformation:[-1f,9.265858720262452e-17f,8.007486524641927e-17f,-0.12500000000000006f,0f,0.6538608952570693f,-0.7566147828674931f,0.1311412718356173f,-1.2246467991473532e-16f,-0.7566147828674931f,-0.6538608952570693f,0.5124816738092505f,0f,0f,0f,1f],start_interpolation:0}
execute if entity @s[tag=aj.sully.bone.h_head] run data modify entity @s {} merge value {transformation:[-1f,1.0779358163137707e-16f,5.812178236855976e-17f,-6.610309427215826e-17f,0f,0.47460036974763997f,-0.8802013911801113f,0.1875f,-1.2246467991473532e-16f,-0.8802013911801113f,-0.47460036974763997f,0.5397727272727272f,0f,0f,0f,1f],start_interpolation:0}
execute if entity @s[tag=aj.sully.bone.left_leg_down] run data modify entity @s {} merge value {transformation:[-0.9999998030199841f,0.000585990894638221f,0.00022488811517246292f,0.31254216652159483f,0.0005835071534580476f,0.9999405330337676f,-0.010889899703236072f,0.49795814380564324f,-0.0002312561238281317f,-0.010889766334319526f,-0.9999406779953445f,-0.12498887712412705f,0f,0f,0f,1f],start_interpolation:0}