execute if entity @s[tag=aj.sully.bone.jaw] run data modify entity @s {} merge value {transformation:[-1f,5.036814343794907e-17f,-1.1162727244375703e-16f,-0.12500000000000003f,0f,-0.9115058523116729f,-0.4112871031306115f,0.47947423315056276f,-1.2246467991473532e-16f,-0.4112871031306115f,0.9115058523116729f,0.3638806951940781f,0f,0f,0f,1f],start_interpolation:0}
execute if entity @s[tag=aj.sully.bone.h_head] run data modify entity @s {} merge value {transformation:[-1f,2.5013653571823553e-17f,-1.1988292189301764e-16f,-3.6994538724242965e-17f,0f,-0.9789183458976483f,-0.20425198178968035f,0.48958333333333326f,-1.2246467991473532e-16f,-0.20425198178968035f,0.9789183458976483f,0.30208333333333337f,0f,0f,0f,1f],start_interpolation:0}
execute if entity @s[tag=aj.sully.bone.left_leg_down] run data modify entity @s {} merge value {transformation:[-0.999997586996115f,0.0020716330697794906f,0.0007309845221385483f,0.312637059597901f,0.002042273118952459f,0.9992715668209605f,-0.03810728098001954f,0.49285488481624634f,-0.0008093963522368458f,-0.038105696156962555f,-0.9992733864153184f,-0.12486375995287215f,0f,0f,0f,1f],start_interpolation:0}