execute if entity @s[tag=aj.sully.bone.jaw] run data modify entity @s {} merge value {transformation:[-1f,-4.188538737676992e-17f,1.1507915602278503e-16f,-0.12500000000000003f,0f,0.9396926207859083f,0.3420201433256687f,2.0887960437864295f,-1.2246467991473532e-16f,0.3420201433256687f,-0.9396926207859083f,0.16678664876061955f,0f,0f,0f,1f],start_interpolation:0}
execute if entity @s[tag=aj.sully.bone.h_head] run data modify entity @s {} merge value {transformation:[-1f,-1.5984848350717833e-17f,1.2141697760125282e-16f,-2.806482248046018e-17f,0f,0.9914448613738104f,0.13052619222005157f,2.0833333333333335f,-1.2246467991473532e-16f,0.13052619222005157f,-0.9914448613738104f,0.22916666666666669f,0f,0f,0f,1f],start_interpolation:0}
execute if entity @s[tag=aj.sully.bone.left_leg_down] run data modify entity @s {} merge value {transformation:[-1f,-6.385739527814514e-17f,1.0449799469324424e-16f,0.3125f,0f,0.8532908816321556f,0.521435203379498f,0.6138188029983913f,-1.2246467991473532e-16f,0.521435203379498f,-0.8532908816321556f,-0.3073167572218636f,0f,0f,0f,1f],start_interpolation:0}
execute if entity @s[tag=aj.sully.bone.left_leg] run data modify entity @s {} merge value {transformation:[-1f,-4.474137160875208e-17f,1.1399915566874225e-16f,0.30625f,0f,0.9308737486442042f,0.365341024366395f,1.0625f,-1.2246467991473532e-16f,0.365341024366395f,-0.9308737486442042f,4.163336342344337e-17f,0f,0f,0f,1f],start_interpolation:0}
execute if entity @s[tag=aj.sully.bone.right_leg_down] run data modify entity @s {} merge value {transformation:[-1f,2.9849041465848214e-17f,1.1877134566126905e-16f,-0.25000000000000006f,0f,0.9698416371476435f,-0.24373592032111038f,0.5630095775410177f,-1.2246467991473532e-16f,-0.24373592032111038f,-0.9698416371476435f,0.15636645024561607f,0f,0f,0f,1f],start_interpolation:0}
execute if entity @s[tag=aj.sully.bone.right_leg] run data modify entity @s {} merge value {transformation:[-1f,6.189223646437418e-17f,1.0567378526416364e-16f,-0.25f,0f,0.862891940253613f,-0.5053884639021305f,1.0625f,-1.2246467991473532e-16f,-0.5053884639021305f,-0.862891940253613f,-2.7755575615628914e-17f,0f,0f,0f,1f],start_interpolation:0}
execute if entity @s[tag=aj.sully.bone.left_arm] run data modify entity @s {} merge value {transformation:[-1f,-6.189223646437418e-17f,1.0567378526416364e-16f,0.6875f,0f,0.862891940253613f,0.5053884639021305f,1.9375f,-1.2246467991473532e-16f,0.5053884639021305f,-0.862891940253613f,0.06250000000000008f,0f,0f,0f,1f],start_interpolation:0}
execute if entity @s[tag=aj.sully.bone.right_arm] run data modify entity @s {} merge value {transformation:[-1f,4.474137160875208e-17f,1.1399915566874225e-16f,-0.8125f,0f,0.9308737486442042f,-0.365341024366395f,1.9375f,-1.2246467991473532e-16f,-0.365341024366395f,-0.9308737486442042f,0.0624999999999999f,0f,0f,0f,1f],start_interpolation:0}