execute if entity @s[tag=aj.sully.bone.jaw] run data modify entity @s {} merge value {transformation:[-1f,-3.272726218735738e-17f,1.1801069500828532e-16f,-0.12500000000000003f,0f,0.963630453208623f,0.26723837607825685f,2.0088849242767948f,-1.2246467991473532e-16f,0.26723837607825685f,-0.963630453208623f,0.2415503462151724f,0f,0f,0f,1f],start_interpolation:0}
execute if entity @s[tag=aj.sully.bone.h_head] run data modify entity @s {} merge value {transformation:[-1f,-6.409306129323706e-18f,1.2229684632711994e-16f,-3.724967347406532e-17f,0f,0.9986295347545738f,0.0523359562429438f,2.0083333333333333f,-1.2246467991473532e-16f,0.0523359562429438f,-0.9986295347545738f,0.30416666666666664f,0f,0f,0f,1f],start_interpolation:0}
execute if entity @s[tag=aj.sully.bone.left_leg_down] run data modify entity @s {} merge value {transformation:[-1f,-4.5876076556629066e-17f,1.1354727397163209e-16f,0.3125f,0f,0.9271838545667873f,0.3746065934159121f,0.5756755925740172f,-1.2246467991473532e-16f,0.3746065934159121f,-0.9271838545667873f,-0.07388120888894147f,0f,0f,0f,1f],start_interpolation:0}
execute if entity @s[tag=aj.sully.bone.left_leg] run data modify entity @s {} merge value {transformation:[-1f,8.187301045458787e-18f,1.2219069493300053e-16f,0.30625f,0f,0.9977627428420542f,-0.06685438651502706f,1.0625f,-1.2246467991473532e-16f,-0.06685438651502706f,-0.9977627428420542f,4.163336342344337e-17f,0f,0f,0f,1f],start_interpolation:0}
execute if entity @s[tag=aj.sully.bone.right_leg_down] run data modify entity @s {} merge value {transformation:[-1f,-4.4883455419148906e-17f,1.1394328964996512e-16f,-0.24999999999999997f,0f,0.9304175679820245f,0.36650122672429736f,0.5845596198092732f,-1.2246467991473532e-16f,0.36650122672429736f,-0.9304175679820245f,-0.02790622338772586f,0f,0f,0f,1f],start_interpolation:0}
execute if entity @s[tag=aj.sully.bone.right_leg] run data modify entity @s {} merge value {transformation:[-1f,1.845367751835687e-17f,1.2106634384777244e-16f,-0.25f,0f,0.9885817194971117f,-0.15068571224948318f,1.0625f,-1.2246467991473532e-16f,-0.15068571224948318f,-0.9885817194971117f,-2.7755575615628914e-17f,0f,0f,0f,1f],start_interpolation:0}
execute if entity @s[tag=aj.sully.bone.left_arm] run data modify entity @s {} merge value {transformation:[-1f,-1.0686923765729542e-18f,1.2246001683497691e-16f,0.6875f,0f,0.9999619230641713f,0.008726535498374058f,1.9375f,-1.2246467991473532e-16f,0.008726535498374058f,-0.9999619230641713f,0.06250000000000008f,0f,0f,0f,1f],start_interpolation:0}
execute if entity @s[tag=aj.sully.bone.right_arm] run data modify entity @s {} merge value {transformation:[-1f,-1.0673500138322958e-17f,1.2199866483456202e-16f,-0.8125f,0f,0.9961946980917455f,0.08715574274765805f,1.9375f,-1.2246467991473532e-16f,0.08715574274765805f,-0.9961946980917455f,0.0624999999999999f,0f,0f,0f,1f],start_interpolation:0}