execute if entity @s[tag=aj.sully.bone.jaw] run data modify entity @s {} merge value {transformation:[-1f,-2.6506208041798665e-17f,1.195617780139768e-16f,-0.12500000000000003f,0f,0.9762960071199334f,0.21643961393810296f,2.0556070833333338f,-1.2246467991473532e-16f,0.21643961393810296f,-0.9762960071199334f,0.19160729166666662f,0f,0f,0f,1f],start_interpolation:0}
execute if entity @s[tag=aj.sully.bone.h_head] run data modify entity @s {} merge value {transformation:[-1f,-9.492015537629238e-33f,1.2246467991473532e-16f,-3.112643947832856e-17f,0f,1f,7.750818884463626e-17f,2.0583333333333336f,-1.2246467991473532e-16f,7.750818884463626e-17f,-1f,0.25416666666666665f,0f,0f,0f,1f],start_interpolation:0}
execute if entity @s[tag=aj.sully.bone.left_leg_down] run data modify entity @s {} merge value {transformation:[-1f,-8.809371839840254e-17f,8.507111498835272e-17f,0.3125f,0f,0.694658370458997f,0.7193398003386513f,0.6616934449638802f,-1.2246467991473532e-16f,0.7193398003386513f,-0.694658370458997f,-0.3128859885116068f,0f,0f,0f,1f],start_interpolation:0}
execute if entity @s[tag=aj.sully.bone.left_leg] run data modify entity @s {} merge value {transformation:[-1f,-5.20784495654628e-17f,1.108396721281515e-16f,0.30625f,0f,0.9050746076772698f,0.4252528124984432f,1.0625f,-1.2246467991473532e-16f,0.4252528124984432f,-0.9050746076772698f,4.163336342344337e-17f,0f,0f,0f,1f],start_interpolation:0}
execute if entity @s[tag=aj.sully.bone.right_leg_down] run data modify entity @s {} merge value {transformation:[-1f,1.1737719403576195e-17f,1.2190087682138094e-16f,-0.25000000000000006f,0f,0.9953961983671787f,-0.09584575252022426f,0.6374573015280999f,-1.2246467991473532e-16f,-0.09584575252022426f,-0.9953961983671787f,0.20656188560766042f,0f,0f,0f,1f],start_interpolation:0}
execute if entity @s[tag=aj.sully.bone.right_leg] run data modify entity @s {} merge value {transformation:[-1f,7.483407821220117e-17f,9.694048981075315e-17f,-0.25f,0f,0.7915791710577033f,-0.6110666215296f,1.0625f,-1.2246467991473532e-16f,-0.6110666215296f,-0.7915791710577033f,-2.7755575615628914e-17f,0f,0f,0f,1f],start_interpolation:0}
execute if entity @s[tag=aj.sully.bone.left_arm] run data modify entity @s {} merge value {transformation:[-1f,-7.284478218549393e-17f,9.844407313275148e-17f,0.6875f,0f,0.803856860617217f,0.5948227867513417f,1.9375f,-1.2246467991473532e-16f,0.5948227867513417f,-0.803856860617217f,0.06250000000000008f,0f,0f,0f,1f],start_interpolation:0}
execute if entity @s[tag=aj.sully.bone.right_arm] run data modify entity @s {} merge value {transformation:[-1f,5.1755810150196625e-17f,1.1099069304367542e-16f,-0.8125f,0f,0.9063077870366498f,-0.4226182617406997f,1.9375f,-1.2246467991473532e-16f,-0.4226182617406997f,-0.9063077870366498f,0.0624999999999999f,0f,0f,0f,1f],start_interpolation:0}