execute if entity @s[tag=aj.sully.bone.jaw] run data modify entity @s {} merge value {transformation:[-1f,-3.682583948479538e-17f,1.1679664110263902e-16f,-0.12500000000000003f,0f,0.9537169507482269f,0.3007057995042731f,2.077736532998282f,-1.2246467991473532e-16f,0.3007057995042731f,-0.9537169507482269f,0.17494107396540087f,0f,0f,0f,1f],start_interpolation:0}
execute if entity @s[tag=aj.sully.bone.h_head] run data modify entity @s {} merge value {transformation:[-1f,-1.067350013832297e-17f,1.2199866483456202e-16f,-2.9085361479749636e-17f,0f,0.9961946980917455f,0.08715574274765815f,2.075f,-1.2246467991473532e-16f,0.08715574274765815f,-0.9961946980917455f,0.2375f,0f,0f,0f,1f],start_interpolation:0}
execute if entity @s[tag=aj.sully.bone.left_leg_down] run data modify entity @s {} merge value {transformation:[-1f,-7.988216903458641e-17f,9.282476445942828e-17f,0.3125f,0f,0.7579717231454531f,0.6522874112781211f,0.6508911677246895f,-1.2246467991473532e-16f,0.6522874112781211f,-0.7579717231454531f,-0.32986874709949765f,0f,0f,0f,1f],start_interpolation:0}
execute if entity @s[tag=aj.sully.bone.left_leg] run data modify entity @s {} merge value {transformation:[-1f,-5.3135433231240276e-17f,1.1033686402081121e-16f,0.30625f,0f,0.9009688679024191f,0.43388373911755806f,1.0625f,-1.2246467991473532e-16f,0.43388373911755806f,-0.9009688679024191f,4.163336342344337e-17f,0f,0f,0f,1f],start_interpolation:0}
execute if entity @s[tag=aj.sully.bone.right_leg_down] run data modify entity @s {} merge value {transformation:[-1f,2.5573829536863753e-17f,1.1976467371240155e-16f,-0.25000000000000006f,0f,0.9779527762272877f,-0.20882616567216972f,0.6078726044160611f,-1.2246467991473532e-16f,-0.20882616567216972f,-0.9779527762272877f,0.20094507007789486f,0f,0f,0f,1f],start_interpolation:0}
execute if entity @s[tag=aj.sully.bone.right_leg] run data modify entity @s {} merge value {transformation:[-1f,7.272199895316759e-17f,9.853480955923175e-17f,-0.25f,0f,0.8045977797666685f,-0.5938201855735015f,1.0625f,-1.2246467991473532e-16f,-0.5938201855735015f,-0.8045977797666685f,-2.7755575615628914e-17f,0f,0f,0f,1f],start_interpolation:0}
execute if entity @s[tag=aj.sully.bone.left_arm] run data modify entity @s {} merge value {transformation:[-1f,-7.272199895316759e-17f,9.853480955923175e-17f,0.6875f,0f,0.8045977797666685f,0.5938201855735015f,1.9375f,-1.2246467991473532e-16f,0.5938201855735015f,-0.8045977797666685f,0.06250000000000008f,0f,0f,0f,1f],start_interpolation:0}
execute if entity @s[tag=aj.sully.bone.right_arm] run data modify entity @s {} merge value {transformation:[-1f,5.3135433231240276e-17f,1.1033686402081121e-16f,-0.8125f,0f,0.9009688679024191f,-0.43388373911755806f,1.9375f,-1.2246467991473532e-16f,-0.43388373911755806f,-0.9009688679024191f,0.0624999999999999f,0f,0f,0f,1f],start_interpolation:0}