execute if entity @s[tag=aj.sully.bone.jaw] run data modify entity @s {} merge value {transformation:[-1f,-3.375584055267281e-17f,1.1772060590738184e-16f,-0.12500000000000003f,0f,0.9612616959383188f,0.2756373558169991f,2.0094313268170994f,-1.2246467991473532e-16f,0.2756373558169991f,-0.9612616959383188f,0.24155754393073675f,0f,0f,0f,1f],start_interpolation:0}
execute if entity @s[tag=aj.sully.bone.h_head] run data modify entity @s {} merge value {transformation:[-1f,-7.476289853398308e-18f,1.2223625860049279e-16f,-3.724967347406532e-17f,0f,0.9981347984218669f,0.06104853953485684f,2.0083333333333333f,-1.2246467991473532e-16f,0.06104853953485684f,-0.9981347984218669f,0.30416666666666664f,0f,0f,0f,1f],start_interpolation:0}
execute if entity @s[tag=aj.sully.bone.left_leg_down] run data modify entity @s {} merge value {transformation:[-1f,-2.962688750897931e-17f,1.1882695554102554e-16f,0.3125f,0f,0.9702957262759965f,0.24192189559966765f,0.5754926104422387f,-1.2246467991473532e-16f,0.24192189559966765f,-0.9702957262759965f,0.010155688517052341f,0f,0f,0f,1f],start_interpolation:0}
execute if entity @s[tag=aj.sully.bone.left_leg] run data modify entity @s {} merge value {transformation:[-1f,2.858881176219238e-17f,1.1908097106021811e-16f,0.30625f,0f,0.9723699203976766f,-0.23344536385590547f,1.0625f,-1.2246467991473532e-16f,-0.23344536385590547f,-0.9723699203976766f,4.163336342344337e-17f,0f,0f,0f,1f],start_interpolation:0}
execute if entity @s[tag=aj.sully.bone.right_leg_down] run data modify entity @s {} merge value {transformation:[-1f,-6.21555231644314e-17f,1.0551913933867358e-16f,-0.24999999999999997f,0f,0.8616291604415258f,0.5075383629607042f,0.5941583391273316f,-1.2246467991473532e-16f,0.5075383629607042f,-0.8616291604415258f,-0.10888196525648369f,0f,0f,0f,1f],start_interpolation:0}
execute if entity @s[tag=aj.sully.bone.right_leg] run data modify entity @s {} merge value {transformation:[-1f,-2.1373033680837986e-18f,1.2244602795081332e-16f,-0.25f,0f,0.9998476951563913f,0.01745240643728357f,1.0625f,-1.2246467991473532e-16f,0.01745240643728357f,-0.9998476951563913f,-2.7755575615628914e-17f,0f,0f,0f,1f],start_interpolation:0}
execute if entity @s[tag=aj.sully.bone.left_arm] run data modify entity @s {} merge value {transformation:[-1f,2.4415530273663997e-17f,1.2000616529193144e-16f,0.6875f,0f,0.9799247046208296f,-0.1993679344171972f,1.9375f,-1.2246467991473532e-16f,-0.1993679344171972f,-0.9799247046208296f,0.06250000000000008f,0f,0f,0f,1f],start_interpolation:0}
execute if entity @s[tag=aj.sully.bone.right_arm] run data modify entity @s {} merge value {transformation:[-1f,-3.169619151431766e-17f,1.1829179713786698e-16f,-0.8125f,0f,0.9659258262890683f,0.25881904510252085f,1.9375f,-1.2246467991473532e-16f,0.25881904510252085f,-0.9659258262890683f,0.0624999999999999f,0f,0f,0f,1f],start_interpolation:0}