execute if entity @s[tag=aj.sully.bone.jaw] run data modify entity @s {} merge value {transformation:[-1f,-3.580520723499546e-17f,1.1711355583995222e-16f,-0.125f,0f,0.9563047559630354f,0.2923717047227367f,2.1021905061107096f,-1.2246467991473532e-16f,0.2923717047227367f,-0.9563047559630354f,0.14991957556526106f,0f,0f,0f,1f],start_interpolation:0}
execute if entity @s[tag=aj.sully.bone.h_head] run data modify entity @s {} merge value {transformation:[-1f,-9.608468044710109e-18f,1.220871621770789e-16f,-2.6023744481881253e-17f,0f,0.996917333733128f,0.07845909572784494f,2.1f,-1.2246467991473532e-16f,0.07845909572784494f,-0.996917333733128f,0.2125f,0f,0f,0f,1f],start_interpolation:0}
execute if entity @s[tag=aj.sully.bone.left_leg_down] run data modify entity @s {} merge value {transformation:[-1f,8.00957328659154e-18f,1.2220247363447804e-16f,0.3125f,0f,0.9978589232386035f,-0.0654031292301431f,0.5265201907092404f,-1.2246467991473532e-16f,-0.0654031292301431f,-0.9978589232386035f,0.027455161976971454f,0f,0f,0f,1f],start_interpolation:0}
execute if entity @s[tag=aj.sully.bone.left_leg] run data modify entity @s {} merge value {transformation:[-1f,3.362740723424721e-17f,1.1775735777148142e-16f,0.30625f,0f,0.9615617976829619f,-0.27458861818493235f,1.0625f,-1.2246467991473532e-16f,-0.27458861818493235f,-0.9615617976829619f,4.163336342344337e-17f,0f,0f,0f,1f],start_interpolation:0}
execute if entity @s[tag=aj.sully.bone.right_leg_down] run data modify entity @s {} merge value {transformation:[-1f,-4.686520405326296e-17f,1.1314261122877005e-16f,-0.24999999999999994f,0f,0.9238795325112868f,0.3826834323650896f,0.5906531920080373f,-1.2246467991473532e-16f,0.3826834323650896f,-0.9238795325112868f,-0.3307443722692738f,0f,0f,0f,1f],start_interpolation:0}
execute if entity @s[tag=aj.sully.bone.right_leg] run data modify entity @s {} merge value {transformation:[-1f,-4.686520405326296e-17f,1.1314261122877005e-16f,-0.25f,0f,0.9238795325112868f,0.3826834323650896f,1.0625f,-1.2246467991473532e-16f,0.3826834323650896f,-0.9238795325112868f,-2.7755575615628914e-17f,0f,0f,0f,1f],start_interpolation:0}
execute if entity @s[tag=aj.sully.bone.left_arm] run data modify entity @s {} merge value {transformation:[-1f,3.7462315441075267e-17f,1.1659405108500155e-16f,0.6875f,0f,0.9520626777139243f,-0.30590302009655346f,1.9375f,-1.2246467991473532e-16f,-0.30590302009655346f,-0.9520626777139243f,0.06250000000000008f,0f,0f,0f,1f],start_interpolation:0}
execute if entity @s[tag=aj.sully.bone.right_arm] run data modify entity @s {} merge value {transformation:[-1f,-3.554962008411998e-17f,1.1719139191294432e-16f,-0.8125f,0f,0.9569403357322089f,0.29028467725446233f,1.9375f,-1.2246467991473532e-16f,0.29028467725446233f,-0.9569403357322089f,0.0624999999999999f,0f,0f,0f,1f],start_interpolation:0}