execute if entity @s[tag=aj.sully.bone.jaw] run data modify entity @s {} merge value {transformation:[-1f,-3.272726218735739e-17f,1.1801069500828532e-16f,-0.125f,0f,0.963630453208623f,0.2672383760782569f,2.108884924276795f,-1.2246467991473532e-16f,0.2672383760782569f,-0.963630453208623f,0.14155034621517243f,0f,0f,0f,1f],start_interpolation:0}
execute if entity @s[tag=aj.sully.bone.h_head] run data modify entity @s {} merge value {transformation:[-1f,-6.4093061293237156e-18f,1.2229684632711994e-16f,-2.5003205482591793e-17f,0f,0.9986295347545738f,0.052335956242943876f,2.1083333333333334f,-1.2246467991473532e-16f,0.052335956242943876f,-0.9986295347545738f,0.20416666666666666f,0f,0f,0f,1f],start_interpolation:0}
execute if entity @s[tag=aj.sully.bone.left_leg_down] run data modify entity @s {} merge value {transformation:[-1f,-1.8252413421031993e-17f,1.2109685062348362e-16f,0.3125f,0f,0.9888308262251285f,0.1490422661761745f,0.5249129435203871f,-1.2246467991473532e-16f,0.1490422661761745f,-0.9888308262251285f,-0.20744012800223918f,0f,0f,0f,1f],start_interpolation:0}
execute if entity @s[tag=aj.sully.bone.left_leg] run data modify entity @s {} merge value {transformation:[-1f,-1.8252413421031993e-17f,1.2109685062348362e-16f,0.30625f,0f,0.9888308262251285f,0.1490422661761745f,1.0625f,-1.2246467991473532e-16f,0.1490422661761745f,-0.9888308262251285f,4.163336342344337e-17f,0f,0f,0f,1f],start_interpolation:0}
execute if entity @s[tag=aj.sully.bone.right_leg_down] run data modify entity @s {} merge value {transformation:[-1f,2.576043125647275e-17f,1.197246758529716e-16f,-0.24999999999999997f,0f,0.9776261689193045f,-0.2103498843454959f,0.4862915444397041f,-1.2246467991473532e-16f,-0.2103498843454959f,-0.9776261689193045f,-0.003881461170571643f,0f,0f,0f,1f],start_interpolation:0}
execute if entity @s[tag=aj.sully.bone.right_leg] run data modify entity @s {} merge value {transformation:[-1f,2.576043125647275e-17f,1.197246758529716e-16f,-0.25f,0f,0.9776261689193045f,-0.2103498843454959f,1.0625f,-1.2246467991473532e-16f,-0.2103498843454959f,-0.9776261689193045f,-2.7755575615628914e-17f,0f,0f,0f,1f],start_interpolation:0}
execute if entity @s[tag=aj.sully.bone.left_arm] run data modify entity @s {} merge value {transformation:[-1f,-2.576043125647275e-17f,1.197246758529716e-16f,0.6875f,0f,0.9776261689193045f,0.2103498843454959f,1.9375f,-1.2246467991473532e-16f,0.2103498843454959f,-0.9776261689193045f,0.06250000000000008f,0f,0f,0f,1f],start_interpolation:0}
execute if entity @s[tag=aj.sully.bone.right_arm] run data modify entity @s {} merge value {transformation:[-1f,1.8252413421031993e-17f,1.2109685062348362e-16f,-0.8125f,0f,0.9888308262251285f,-0.1490422661761745f,1.9375f,-1.2246467991473532e-16f,-0.1490422661761745f,-0.9888308262251285f,0.0624999999999999f,0f,0f,0f,1f],start_interpolation:0}