execute if entity @s[tag=aj.sully.bone.jaw] run data modify entity @s {} merge value {transformation:[-1f,-1.5984848350717836e-17f,1.2141697760125282e-16f,-0.12500000000000003f,0f,0.9914448613738104f,0.13052619222005157f,2.0334983820770396f,-1.2246467991473532e-16f,0.13052619222005157f,-0.9914448613738104f,0.20874962398606584f,0f,0f,0f,1f],start_interpolation:0}
execute if entity @s[tag=aj.sully.bone.h_head] run data modify entity @s {} merge value {transformation:[-1f,1.0673500138322974e-17f,1.2199866483456202e-16f,-3.3167517476907485e-17f,0f,0.9961946980917455f,-0.08715574274765818f,2.0416666666666665f,-1.2246467991473532e-16f,-0.08715574274765818f,-0.9961946980917455f,0.27083333333333337f,0f,0f,0f,1f],start_interpolation:0}
execute if entity @s[tag=aj.sully.bone.left_leg_down] run data modify entity @s {} merge value {transformation:[-1f,-7.539678551159046e-17f,9.650348470981657e-17f,0.3125f,0f,0.7880107536067219f,0.6156614753256582f,0.6191919981888194f,-1.2246467991473532e-16f,0.6156614753256582f,-0.7880107536067219f,-0.23784669951974086f,0f,0f,0f,1f],start_interpolation:0}
execute if entity @s[tag=aj.sully.bone.left_leg] run data modify entity @s {} merge value {transformation:[-1f,-3.2727262187357386e-17f,1.1801069500828535e-16f,0.30625f,0f,0.963630453208623f,0.26723837607825685f,1.0625f,-1.2246467991473532e-16f,0.26723837607825685f,-0.963630453208623f,4.163336342344337e-17f,0f,0f,0f,1f],start_interpolation:0}
execute if entity @s[tag=aj.sully.bone.right_leg_down] run data modify entity @s {} merge value {transformation:[-1f,-7.47628985339832e-18f,1.222362586004928e-16f,-0.25000000000000006f,0f,0.9981347984218669f,0.06104853953485695f,0.6066305528537574f,-1.2246467991473532e-16f,0.06104853953485695f,-0.9981347984218669f,0.1321117039166464f,0f,0f,0f,1f],start_interpolation:0}
execute if entity @s[tag=aj.sully.bone.right_leg] run data modify entity @s {} merge value {transformation:[-1f,5.749368466564468e-17f,1.0812989434095454e-16f,-0.25f,0f,0.882947592858927f,-0.46947156278589075f,1.0625f,-1.2246467991473532e-16f,-0.46947156278589075f,-0.882947592858927f,-2.7755575615628914e-17f,0f,0f,0f,1f],start_interpolation:0}
execute if entity @s[tag=aj.sully.bone.left_arm] run data modify entity @s {} merge value {transformation:[-1f,-5.0785275224699974e-17f,1.1143811577270162e-16f,0.6875f,0f,0.9099612708765432f,0.414693242656239f,1.9375f,-1.2246467991473532e-16f,0.414693242656239f,-0.9099612708765432f,0.06250000000000008f,0f,0f,0f,1f],start_interpolation:0}
execute if entity @s[tag=aj.sully.bone.right_arm] run data modify entity @s {} merge value {transformation:[-1f,3.169619151431765e-17f,1.1829179713786698e-16f,-0.8125f,0f,0.9659258262890683f,-0.25881904510252074f,1.9375f,-1.2246467991473532e-16f,-0.25881904510252074f,-0.9659258262890683f,0.0624999999999999f,0f,0f,0f,1f],start_interpolation:0}