execute if entity @s[tag=aj.sully.bone.jaw] run data modify entity @s {} merge value {transformation:[-1f,-2.1265768495757722e-17f,1.2060416625018979e-16f,-0.12500000000000003f,0f,0.984807753012208f,0.1736481776669304f,2.044547543174454f,-1.2246467991473532e-16f,0.1736481776669304f,-0.984807753012208f,0.20011908501778214f,0f,0f,0f,1f],start_interpolation:0}
execute if entity @s[tag=aj.sully.bone.h_head] run data modify entity @s {} merge value {transformation:[-1f,5.341834311772718e-18f,1.223481206754078e-16f,-3.214697847761802e-17f,0f,0.9990482215818578f,-0.04361938736533596f,2.05f,-1.2246467991473532e-16f,-0.04361938736533596f,-0.9990482215818578f,0.26249999999999996f,0f,0f,0f,1f],start_interpolation:0}
execute if entity @s[tag=aj.sully.bone.left_leg_down] run data modify entity @s {} merge value {transformation:[-1f,-8.194486552889033e-17f,9.100899318238092e-17f,0.3125f,0f,0.7431448254773941f,0.6691306063588582f,0.6387955095176963f,-1.2246467991473532e-16f,0.6691306063588582f,-0.7431448254773941f,-0.2761924156223263f,0f,0f,0f,1f],start_interpolation:0}
execute if entity @s[tag=aj.sully.bone.left_leg] run data modify entity @s {} merge value {transformation:[-1f,-4.2554178158700904e-17f,1.1483353059039907e-16f,0.30625f,0f,0.9376869369221448f,0.34748123449413154f,1.0625f,-1.2246467991473532e-16f,0.34748123449413154f,-0.9376869369221448f,4.163336342344337e-17f,0f,0f,0f,1f],start_interpolation:0}
execute if entity @s[tag=aj.sully.bone.right_leg_down] run data modify entity @s {} merge value {transformation:[-1f,2.1373033680838036e-18f,1.2244602795081332e-16f,-0.25000000000000006f,0f,0.9998476951563913f,-0.01745240643728363f,0.6204736342054635f,-1.2246467991473532e-16f,-0.01745240643728363f,-0.9998476951563913f,0.17003015540021282f,0f,0f,0f,1f],start_interpolation:0}
execute if entity @s[tag=aj.sully.bone.right_leg] run data modify entity @s {} merge value {transformation:[-1f,6.639999925074527e-17f,1.0290110750676887e-16f,-0.25f,0f,0.8402513082009656f,-0.5421971404079571f,1.0625f,-1.2246467991473532e-16f,-0.5421971404079571f,-0.8402513082009656f,-2.7755575615628914e-17f,0f,0f,0f,1f],start_interpolation:0}
execute if entity @s[tag=aj.sully.bone.left_arm] run data modify entity @s {} merge value {transformation:[-1f,-6.215552316443141e-17f,1.0551913933867355e-16f,0.6875f,0f,0.8616291604415256f,0.5075383629607043f,1.9375f,-1.2246467991473532e-16f,0.5075383629607043f,-0.8616291604415256f,0.06250000000000008f,0f,0f,0f,1f],start_interpolation:0}
execute if entity @s[tag=aj.sully.bone.right_arm] run data modify entity @s {} merge value {transformation:[-1f,4.188538737676994e-17f,1.1507915602278503e-16f,-0.8125f,0f,0.9396926207859083f,-0.34202014332566893f,1.9375f,-1.2246467991473532e-16f,-0.34202014332566893f,-0.9396926207859083f,0.0624999999999999f,0f,0f,0f,1f],start_interpolation:0}