execute if entity @s[tag=aj.sully.bone.jaw] run data modify entity @s {} merge value {transformation:[-1f,-4.188538737676992e-17f,1.1507915602278503e-16f,-0.12500000000000003f,0f,0.9396926207859083f,0.3420201433256687f,2.0887960437864295f,-1.2246467991473532e-16f,0.3420201433256687f,-0.9396926207859083f,0.16678664876061952f,0f,0f,0f,1f],start_interpolation:0}
execute if entity @s[tag=aj.sully.bone.h_head] run data modify entity @s {} merge value {transformation:[-1f,-1.5984848350717833e-17f,1.2141697760125282e-16f,-2.8064822480460175e-17f,0f,0.9914448613738104f,0.13052619222005157f,2.0833333333333335f,-1.2246467991473532e-16f,0.13052619222005157f,-0.9914448613738104f,0.22916666666666666f,0f,0f,0f,1f],start_interpolation:0}
execute if entity @s[tag=aj.sully.bone.left_leg_down] run data modify entity @s {} merge value {transformation:[-1f,1.3332346982063397e-17f,1.2173679127761025e-16f,0.31249999999999994f,0f,0.9940563382223195f,-0.10886687485196461f,0.5669093261474825f,-1.2246467991473532e-16f,-0.10886687485196461f,-0.9940563382223195f,0.12105262580368717f,0f,0f,0f,1f],start_interpolation:0}
execute if entity @s[tag=aj.sully.bone.left_leg] run data modify entity @s {} merge value {transformation:[-1f,5.476299253561143e-17f,1.0953817816251621e-16f,0.30625f,0f,0.8944471029425052f,-0.44717376939816084f,1.0625f,-1.2246467991473532e-16f,-0.44717376939816084f,-0.8944471029425052f,4.163336342344337e-17f,0f,0f,0f,1f],start_interpolation:0}
execute if entity @s[tag=aj.sully.bone.right_leg_down] run data modify entity @s {} merge value {transformation:[-1f,-7.34875323233899e-17f,9.796520004387937e-17f,-0.24999999999999994f,0f,0.7999465651001298f,0.6000712399244809f,0.6566240678570934f,-1.2246467991473532e-16f,0.6000712399244809f,-0.7999465651001298f,-0.3771133932197469f,0f,0f,0f,1f],start_interpolation:0}
execute if entity @s[tag=aj.sully.bone.left_arm] run data modify entity @s {} merge value {transformation:[-1f,6.06529780052541e-17f,1.0638991533840384e-16f,0.6875f,0f,0.8687395860788323f,-0.49526915064394944f,1.9375f,-1.2246467991473532e-16f,-0.49526915064394944f,-0.8687395860788323f,0.06250000000000008f,0f,0f,0f,1f],start_interpolation:0}
execute if entity @s[tag=aj.sully.bone.right_arm] run data modify entity @s {} merge value {transformation:[-1f,-5.772945048824652e-17f,1.0800420534841998e-16f,-0.8125f,0f,0.881921264348355f,0.4713967368259976f,1.9375f,-1.2246467991473532e-16f,0.4713967368259976f,-0.881921264348355f,0.0624999999999999f,0f,0f,0f,1f],start_interpolation:0}