execute if entity @s[tag=aj.sully.bone.jaw] run data modify entity @s {} merge value {transformation:[-1f,-3.8858613182104675e-17f,1.1613615289039903e-16f,-0.125f,0f,0.9483236552061992f,0.3173046564050921f,2.095494586681154f,-1.2246467991473532e-16f,0.3173046564050921f,-0.9483236552061992f,0.15833169441229533f,0f,0f,0f,1f],start_interpolation:0}
execute if entity @s[tag=aj.sully.bone.h_head] run data modify entity @s {} merge value {transformation:[-1f,-1.2801044796052349e-17f,1.217938055844715e-16f,-2.7044283481170714e-17f,0f,0.9945218953682733f,0.10452846326765346f,2.091666666666667f,-1.2246467991473532e-16f,0.10452846326765346f,-0.9945218953682733f,0.22083333333333333f,0f,0f,0f,1f],start_interpolation:0}
execute if entity @s[tag=aj.sully.bone.left_leg_down] run data modify entity @s {} merge value {transformation:[-1f,1.0673500138322983e-17f,1.21998664834562e-16f,0.31249999999999994f,0f,0.9961946980917457f,-0.0871557427476582f,0.5445562491559713f,-1.2246467991473532e-16f,-0.0871557427476582f,-0.9961946980917457f,0.07533538247255483f,0f,0f,0f,1f],start_interpolation:0}
execute if entity @s[tag=aj.sully.bone.left_leg] run data modify entity @s {} merge value {transformation:[-1f,4.438585834733811e-17f,1.141380453897324e-16f,0.30625f,0f,0.9320078692827986f,-0.36243803828370164f,1.0625f,-1.2246467991473532e-16f,-0.36243803828370164f,-0.9320078692827986f,4.163336342344337e-17f,0f,0f,0f,1f],start_interpolation:0}
execute if entity @s[tag=aj.sully.bone.right_leg_down] run data modify entity @s {} merge value {transformation:[-1f,-6.123233995736765e-17f,1.0605752387249069e-16f,-0.24999999999999994f,0f,0.8660254037844387f,0.49999999999999994f,0.6378607103712532f,-1.2246467991473532e-16f,0.49999999999999994f,-0.8660254037844387f,-0.3895031754730548f,0f,0f,0f,1f],start_interpolation:0}
execute if entity @s[tag=aj.sully.bone.right_leg] run data modify entity @s {} merge value {transformation:[-1f,-6.123233995736765e-17f,1.0605752387249069e-16f,-0.25f,0f,0.8660254037844387f,0.49999999999999994f,1.0625f,-1.2246467991473532e-16f,0.49999999999999994f,-0.8660254037844387f,-2.7755575615628914e-17f,0f,0f,0f,1f],start_interpolation:0}
execute if entity @s[tag=aj.sully.bone.left_arm] run data modify entity @s {} merge value {transformation:[-1f,4.932224446026943e-17f,1.1209332731264603e-16f,0.6875f,0f,0.9153114791194471f,-0.40274668985873724f,1.9375f,-1.2246467991473532e-16f,-0.40274668985873724f,-0.9153114791194471f,0.06250000000000008f,0f,0f,0f,1f],start_interpolation:0}
execute if entity @s[tag=aj.sully.bone.right_arm] run data modify entity @s {} merge value {transformation:[-1f,-4.6865204053262974e-17f,1.1314261122877003e-16f,-0.8125f,0f,0.9238795325112867f,0.3826834323650897f,1.9375f,-1.2246467991473532e-16f,0.3826834323650897f,-0.9238795325112867f,0.0624999999999999f,0f,0f,0f,1f],start_interpolation:0}