execute if entity @s[tag=aj.sully.bone.jaw] run data modify entity @s {} merge value {transformation:[-1f,-2.7548558866703654e-17f,1.1932591810242374e-16f,-0.12500000000000003f,0f,0.9743700647852352f,0.22495105434386498f,2.02281978041394f,-1.2246467991473532e-16f,0.22495105434386498f,-0.9743700647852352f,0.22491921635190487f,0f,0f,0f,1f],start_interpolation:0}
execute if entity @s[tag=aj.sully.bone.h_head] run data modify entity @s {} merge value {transformation:[-1f,-1.0686923765729372e-18f,1.2246001683497691e-16f,-3.52085954754864e-17f,0f,0.9999619230641713f,0.008726535498373919f,2.025f,-1.2246467991473532e-16f,0.008726535498373919f,-0.9999619230641713f,0.2875f,0f,0f,0f,1f],start_interpolation:0}
execute if entity @s[tag=aj.sully.bone.left_leg_down] run data modify entity @s {} merge value {transformation:[-1f,-1.280104479605236e-17f,1.217938055844715e-16f,0.31249999999999994f,0f,0.9945218953682733f,0.10452846326765353f,0.5895445733261889f,-1.2246467991473532e-16f,0.10452846326765353f,-0.9945218953682733f,0.092278918056441f,0f,0f,0f,1f],start_interpolation:0}
execute if entity @s[tag=aj.sully.bone.left_leg] run data modify entity @s {} merge value {transformation:[-1f,4.8178476009157386e-17f,1.1258966327356e-16f,0.30625f,0f,0.9193643698080891f,-0.39340711168886505f,1.0625f,-1.2246467991473532e-16f,-0.39340711168886505f,-0.9193643698080891f,4.163336342344337e-17f,0f,0f,0f,1f],start_interpolation:0}
execute if entity @s[tag=aj.sully.bone.right_leg_down] run data modify entity @s {} merge value {transformation:[-1f,-7.789711564705086e-17f,9.449675761891813e-17f,-0.24999999999999997f,0f,0.77162458338772f,0.636078220277764f,0.6174158698394288f,-1.2246467991473532e-16f,0.636078220277764f,-0.77162458338772f,-0.1873754631786987f,0f,0f,0f,1f],start_interpolation:0}
execute if entity @s[tag=aj.sully.bone.right_leg] run data modify entity @s {} merge value {transformation:[-1f,-2.2667590504513545e-17f,1.203485694445026e-16f,-0.25f,0f,0.9827206467064132f,0.18509492304471464f,1.0625f,-1.2246467991473532e-16f,0.18509492304471464f,-0.9827206467064132f,-2.7755575615628914e-17f,0f,0f,0f,1f],start_interpolation:0}
execute if entity @s[tag=aj.sully.bone.left_arm] run data modify entity @s {} merge value {transformation:[-1f,4.8832677092229005e-17f,1.1230746847215758e-16f,0.6875f,0f,0.917060074385124f,-0.3987490689252462f,1.9375f,-1.2246467991473532e-16f,-0.3987490689252462f,-0.917060074385124f,0.06250000000000008f,0f,0f,0f,1f],start_interpolation:0}
execute if entity @s[tag=aj.sully.bone.right_arm] run data modify entity @s {} merge value {transformation:[-1f,-5.175581015019659e-17f,1.1099069304367545e-16f,-0.8125f,0f,0.9063077870366499f,0.42261826174069944f,1.9375f,-1.2246467991473532e-16f,0.42261826174069944f,-0.9063077870366499f,0.0624999999999999f,0f,0f,0f,1f],start_interpolation:0}