execute if entity @s[tag=aj.sully.bone.jaw] run data modify entity @s {} merge value {transformation:[-1f,-2.4415530273664003e-17f,1.2000616529193146e-16f,-0.12500000000000003f,0f,0.9799247046208296f,0.19936793441719722f,2.0295156869154507f,-1.2246467991473532e-16f,0.19936793441719722f,-0.9799247046208296f,0.21666439938554194f,0f,0f,0f,1f],start_interpolation:0}
execute if entity @s[tag=aj.sully.bone.h_head] run data modify entity @s {} merge value {transformation:[-1f,2.137303368083789e-18f,1.2244602795081332e-16f,-3.4188056476196946e-17f,0f,0.9998476951563913f,-0.01745240643728349f,2.033333333333333f,-1.2246467991473532e-16f,-0.01745240643728349f,-0.9998476951563913f,0.2791666666666667f,0f,0f,0f,1f],start_interpolation:0}
execute if entity @s[tag=aj.sully.bone.left_leg_down] run data modify entity @s {} merge value {transformation:[-1f,-4.273955692857158e-18f,1.2239007774061617e-16f,0.31249999999999994f,0f,0.9993908270190957f,0.03489949670250103f,0.6017276073226907f,-1.2246467991473532e-16f,0.03489949670250103f,-0.9993908270190957f,0.13187619855466604f,0f,0f,0f,1f],start_interpolation:0}
execute if entity @s[tag=aj.sully.bone.left_leg] run data modify entity @s {} merge value {transformation:[-1f,5.749368466564466e-17f,1.0812989434095454e-16f,0.30625f,0f,0.882947592858927f,-0.46947156278589064f,1.0625f,-1.2246467991473532e-16f,-0.46947156278589064f,-0.882947592858927f,4.163336342344337e-17f,0f,0f,0f,1f],start_interpolation:0}
execute if entity @s[tag=aj.sully.bone.right_leg_down] run data modify entity @s {} merge value {transformation:[-1f,-8.507111498835271e-17f,8.809371839840254e-17f,-0.24999999999999997f,0f,0.7193398003386513f,0.6946583704589973f,0.6340039160263204f,-1.2246467991473532e-16f,0.6946583704589973f,-0.7193398003386513f,-0.22497089578197765f,0f,0f,0f,1f],start_interpolation:0}
execute if entity @s[tag=aj.sully.bone.right_leg] run data modify entity @s {} merge value {transformation:[-1f,-3.2727262187357374e-17f,1.1801069500828535e-16f,-0.25f,0f,0.9636304532086231f,0.26723837607825673f,1.0625f,-1.2246467991473532e-16f,0.26723837607825673f,-0.9636304532086231f,-2.7755575615628914e-17f,0f,0f,0f,1f],start_interpolation:0}
execute if entity @s[tag=aj.sully.bone.left_arm] run data modify entity @s {} merge value {transformation:[-1f,6.03044936705455e-17f,1.0658783171524653e-16f,0.6875f,0f,0.8703556959398998f,-0.49242356010346694f,1.9375f,-1.2246467991473532e-16f,-0.49242356010346694f,-0.8703556959398998f,0.06250000000000008f,0f,0f,0f,1f],start_interpolation:0}
execute if entity @s[tag=aj.sully.bone.right_arm] run data modify entity @s {} merge value {transformation:[-1f,-6.123233995736765e-17f,1.0605752387249069e-16f,-0.8125f,0f,0.8660254037844387f,0.4999999999999999f,1.9375f,-1.2246467991473532e-16f,0.4999999999999999f,-0.8660254037844387f,0.0624999999999999f,0f,0f,0f,1f],start_interpolation:0}