execute if entity @s[tag=aj.sully.bone.jaw] run data modify entity @s {} merge value {transformation:[-1f,-2.4415530273663997e-17f,1.200061652919315e-16f,-0.12500000000000003f,0f,0.9799247046208296f,0.19936793441719716f,2.0211823535821174f,-1.2246467991473532e-16f,0.19936793441719716f,-0.9799247046208296f,0.22499773271887524f,0f,0f,0f,1f],start_interpolation:0}
execute if entity @s[tag=aj.sully.bone.h_head] run data modify entity @s {} merge value {transformation:[-1f,2.1373033680837936e-18f,1.2244602795081332e-16f,-3.52085954754864e-17f,0f,0.9998476951563913f,-0.01745240643728353f,2.025f,-1.2246467991473532e-16f,-0.01745240643728353f,-0.9998476951563913f,0.2875f,0f,0f,0f,1f],start_interpolation:0}
execute if entity @s[tag=aj.sully.bone.left_leg_down] run data modify entity @s {} merge value {transformation:[-1f,-6.123233995736765e-17f,1.0605752387249068e-16f,0.3125f,0f,0.8660254037844386f,0.5f,0.5903105741970562f,-1.2246467991473532e-16f,0.5f,-0.8660254037844386f,-0.1573731354189062f,0f,0f,0f,1f],start_interpolation:0}
execute if entity @s[tag=aj.sully.bone.left_leg] run data modify entity @s {} merge value {transformation:[-1f,-1.2446707317765934e-17f,1.2183052697729108e-16f,0.30625f,0f,0.9948217482960331f,0.1016350781828019f,1.0625f,-1.2246467991473532e-16f,0.1016350781828019f,-0.9948217482960331f,4.163336342344337e-17f,0f,0f,0f,1f],start_interpolation:0}
execute if entity @s[tag=aj.sully.bone.right_leg_down] run data modify entity @s {} merge value {transformation:[-1f,-2.6506208041798646e-17f,1.195617780139768e-16f,-0.25000000000000006f,0f,0.9762960071199333f,0.21643961393810285f,0.5887924878630386f,-1.2246467991473532e-16f,0.21643961393810285f,-0.9762960071199333f,0.05320358922360982f,0f,0f,0f,1f],start_interpolation:0}
execute if entity @s[tag=aj.sully.bone.right_leg] run data modify entity @s {} merge value {transformation:[-1f,3.852062288096585e-17f,1.1624869650658877e-16f,-0.25f,0f,0.9492426435730339f,-0.3145447561516137f,1.0625f,-1.2246467991473532e-16f,-0.3145447561516137f,-0.9492426435730339f,-2.7755575615628914e-17f,0f,0f,0f,1f],start_interpolation:0}
execute if entity @s[tag=aj.sully.bone.left_arm] run data modify entity @s {} merge value {transformation:[-1f,-2.650620804179867e-17f,1.195617780139768e-16f,0.6875f,0f,0.9762960071199334f,0.21643961393810301f,1.9375f,-1.2246467991473532e-16f,0.21643961393810301f,-0.9762960071199334f,0.06250000000000008f,0f,0f,0f,1f],start_interpolation:0}
execute if entity @s[tag=aj.sully.bone.right_arm] run data modify entity @s {} merge value {transformation:[-1f,1.0673500138322989e-17f,1.2199866483456202e-16f,-0.8125f,0f,0.9961946980917455f,-0.0871557427476583f,1.9375f,-1.2246467991473532e-16f,-0.0871557427476583f,-0.9961946980917455f,0.0624999999999999f,0f,0f,0f,1f],start_interpolation:0}