execute if entity @s[tag=aj.sully.bone.jaw] run data modify entity @s {} merge value {transformation:[-1f,-3.8858613182104675e-17f,1.1613615289039903e-16f,-0.125f,0f,0.9483236552061992f,0.3173046564050921f,2.095494586681154f,-1.2246467991473532e-16f,0.3173046564050921f,-0.9483236552061992f,0.15833169441229533f,0f,0f,0f,1f],start_interpolation:0}
execute if entity @s[tag=aj.sully.bone.h_head] run data modify entity @s {} merge value {transformation:[-1f,-1.2801044796052346e-17f,1.217938055844715e-16f,-2.7044283481170714e-17f,0f,0.9945218953682733f,0.10452846326765343f,2.091666666666667f,-1.2246467991473532e-16f,0.10452846326765343f,-0.9945218953682733f,0.22083333333333333f,0f,0f,0f,1f],start_interpolation:0}
execute if entity @s[tag=aj.sully.bone.left_leg_down] run data modify entity @s {} merge value {transformation:[-1f,-4.615904420594479e-17f,1.1343253706327922e-16f,0.3125f,0f,0.9262469566103089f,0.3769171996210052f,0.5772400732735529f,-1.2246467991473532e-16f,0.3769171996210052f,-0.9262469566103089f,-0.27974778960893254f,0f,0f,0f,1f],start_interpolation:0}
execute if entity @s[tag=aj.sully.bone.left_leg] run data modify entity @s {} merge value {transformation:[-1f,-3.6097098087443345e-17f,1.1702391779582527e-16f,0.30625f,0f,0.9555728057861408f,0.29475517441090404f,1.0625f,-1.2246467991473532e-16f,0.29475517441090404f,-0.9555728057861408f,4.163336342344337e-17f,0f,0f,0f,1f],start_interpolation:0}
execute if entity @s[tag=aj.sully.bone.right_leg_down] run data modify entity @s {} merge value {transformation:[-1f,3.408591285187959e-17f,1.176254580083438e-16f,-0.25000000000000006f,0f,0.9604847543817466f,-0.2783326006781019f,0.5232960393932029f,-1.2246467991473532e-16f,-0.2783326006781019f,-0.9604847543817466f,0.10822721983387099f,0f,0f,0f,1f],start_interpolation:0}
execute if entity @s[tag=aj.sully.bone.right_leg] run data modify entity @s {} merge value {transformation:[-1f,5.0368143437949054e-17f,1.1162727244375708e-16f,-0.25f,0f,0.9115058523116732f,-0.41128710313061134f,1.0625f,-1.2246467991473532e-16f,-0.41128710313061134f,-0.9115058523116732f,-2.7755575615628914e-17f,0f,0f,0f,1f],start_interpolation:0}