execute if entity @s[tag=aj.sully.bone.jaw] run data modify entity @s {} merge value {transformation:[-1f,-3.5805207234995457e-17f,1.1711355583995222e-16f,-0.125f,0f,0.9563047559630354f,0.29237170472273666f,2.1021905061107096f,-1.2246467991473532e-16f,0.29237170472273666f,-0.9563047559630354f,0.14991957556526103f,0f,0f,0f,1f],start_interpolation:0}
execute if entity @s[tag=aj.sully.bone.h_head] run data modify entity @s {} merge value {transformation:[-1f,-9.608468044710103e-18f,1.220871621770789e-16f,-2.602374448188125e-17f,0f,0.996917333733128f,0.0784590957278449f,2.1f,-1.2246467991473532e-16f,0.0784590957278449f,-0.996917333733128f,0.21249999999999997f,0f,0f,0f,1f],start_interpolation:0}
execute if entity @s[tag=aj.sully.bone.left_leg_down] run data modify entity @s {} merge value {transformation:[-1f,-2.7250954951287974e-17f,1.1939423470528823e-16f,0.3125f,0f,0.9749279121818236f,0.22252093395631417f,0.5419181661422635f,-1.2246467991473532e-16f,0.22252093395631417f,-0.9749279121818236f,-0.24703401437315464f,0f,0f,0f,1f],start_interpolation:0}
execute if entity @s[tag=aj.sully.bone.left_leg] run data modify entity @s {} merge value {transformation:[-1f,-2.7250954951287974e-17f,1.1939423470528823e-16f,0.30625f,0f,0.9749279121818236f,0.22252093395631417f,1.0625f,-1.2246467991473532e-16f,0.22252093395631417f,-0.9749279121818236f,4.163336342344337e-17f,0f,0f,0f,1f],start_interpolation:0}
execute if entity @s[tag=aj.sully.bone.right_leg_down] run data modify entity @s {} merge value {transformation:[-1f,3.827900151184624e-17f,1.1632848262517074e-16f,-0.25000000000000006f,0f,0.949894146672846f,-0.3125717679456442f,0.4891130715033187f,-1.2246467991473532e-16f,-0.3125717679456442f,-0.949894146672846f,0.057084851135319054f,0f,0f,0f,1f],start_interpolation:0}
execute if entity @s[tag=aj.sully.bone.right_leg] run data modify entity @s {} merge value {transformation:[-1f,3.827900151184624e-17f,1.1632848262517074e-16f,-0.25f,0f,0.949894146672846f,-0.3125717679456442f,1.0625f,-1.2246467991473532e-16f,-0.3125717679456442f,-0.949894146672846f,-2.7755575615628914e-17f,0f,0f,0f,1f],start_interpolation:0}