execute if entity @s[tag=aj.sully.bone.jaw] run data modify entity @s {} merge value {transformation:[-1f,-2.9626887508979326e-17f,1.1882695554102554e-16f,-0.125f,0f,0.9702957262759965f,0.24192189559966776f,2.11557896441f,-1.2246467991473532e-16f,0.24192189559966776f,-0.9702957262759965f,0.13322403096336627f,0f,0f,0f,1f],start_interpolation:0}
execute if entity @s[tag=aj.sully.bone.h_head] run data modify entity @s {} merge value {transformation:[-1f,-3.2057515956682613e-18f,1.2242271432755217e-16f,-2.3982666483302338e-17f,0f,0.9996573249755573f,0.02617694830787318f,2.1166666666666667f,-1.2246467991473532e-16f,0.02617694830787318f,-0.9996573249755573f,0.19583333333333336f,0f,0f,0f,1f],start_interpolation:0}
execute if entity @s[tag=aj.sully.bone.left_leg_down] run data modify entity @s {} merge value {transformation:[-1f,-9.151796991059665e-18f,1.2212224383155186e-16f,0.3125f,0f,0.9972037971811801f,0.07473009358642428f,0.5109141257838892f,-1.2246467991473532e-16f,0.07473009358642428f,-0.9972037971811801f,-0.16668615229001113f,0f,0f,0f,1f],start_interpolation:0}
execute if entity @s[tag=aj.sully.bone.left_leg] run data modify entity @s {} merge value {transformation:[-1f,-9.151796991059665e-18f,1.2212224383155186e-16f,0.30625f,0f,0.9972037971811801f,0.07473009358642428f,1.0625f,-1.2246467991473532e-16f,0.07473009358642428f,-0.9972037971811801f,4.163336342344337e-17f,0f,0f,0f,1f],start_interpolation:0}
execute if entity @s[tag=aj.sully.bone.right_leg_down] run data modify entity @s {} merge value {transformation:[-1f,1.2952870731790885e-17f,1.2177775234591946e-16f,-0.24999999999999997f,0f,0.9943908107276798f,-0.10576821611593791f,0.48993414195118795f,-1.2246467991473532e-16f,-0.10576821611593791f,-0.9943908107276798f,-0.06480422977574493f,0f,0f,0f,1f],start_interpolation:0}
execute if entity @s[tag=aj.sully.bone.right_leg] run data modify entity @s {} merge value {transformation:[-1f,1.2952870731790885e-17f,1.2177775234591946e-16f,-0.25f,0f,0.9943908107276798f,-0.10576821611593791f,1.0625f,-1.2246467991473532e-16f,-0.10576821611593791f,-0.9943908107276798f,-2.7755575615628914e-17f,0f,0f,0f,1f],start_interpolation:0}