execute if entity @s[tag=aj.sully.bone.jaw] run data modify entity @s {} merge value {transformation:[-1f,-3.2727262187357386e-17f,1.1801069500828532e-16f,-0.125f,0f,0.963630453208623f,0.26723837607825685f,2.108884924276795f,-1.2246467991473532e-16f,0.26723837607825685f,-0.963630453208623f,0.14155034621517243f,0f,0f,0f,1f],start_interpolation:0}
execute if entity @s[tag=aj.sully.bone.h_head] run data modify entity @s {} merge value {transformation:[-1f,-6.4093061293237094e-18f,1.2229684632711994e-16f,-2.5003205482591793e-17f,0f,0.9986295347545738f,0.05233595624294383f,2.1083333333333334f,-1.2246467991473532e-16f,0.05233595624294383f,-0.9986295347545738f,0.20416666666666666f,0f,0f,0f,1f],start_interpolation:0}
execute if entity @s[tag=aj.sully.bone.left_leg_down] run data modify entity @s {} merge value {transformation:[-1f,5.341834311772719e-18f,1.223481206754078e-16f,0.3125f,0f,0.9990482215818578f,-0.043619387365335965f,0.5129891957786841f,-1.2246467991473532e-16f,-0.043619387365335965f,-0.9990482215818578f,-0.022179231074768796f,0f,0f,0f,1f],start_interpolation:0}
execute if entity @s[tag=aj.sully.bone.left_leg] run data modify entity @s {} merge value {transformation:[-1f,2.2580064568900894e-17f,1.2036502195689097e-16f,0.30625f,0f,0.9828549916653012f,-0.18438021954266337f,1.0625f,-1.2246467991473532e-16f,-0.18438021954266337f,-0.9828549916653012f,4.163336342344337e-17f,0f,0f,0f,1f],start_interpolation:0}
execute if entity @s[tag=aj.sully.bone.right_leg_down] run data modify entity @s {} merge value {transformation:[-1f,-3.169619151431765e-17f,1.1829179713786698e-16f,-0.24999999999999997f,0f,0.9659258262890683f,0.25881904510252074f,0.5515191033502143f,-1.2246467991473532e-16f,0.25881904510252074f,-0.9659258262890683f,-0.2663264411563015f,0f,0f,0f,1f],start_interpolation:0}
execute if entity @s[tag=aj.sully.bone.right_leg] run data modify entity @s {} merge value {transformation:[-1f,-3.169619151431765e-17f,1.1829179713786698e-16f,-0.25f,0f,0.9659258262890683f,0.25881904510252074f,1.0625f,-1.2246467991473532e-16f,0.25881904510252074f,-0.9659258262890683f,-2.7755575615628914e-17f,0f,0f,0f,1f],start_interpolation:0}
execute if entity @s[tag=aj.sully.bone.left_arm] run data modify entity @s {} merge value {transformation:[-1f,3.06627070535773e-17f,1.1856389088911123e-16f,0.6875f,0f,0.9681476403781077f,-0.2503800040544414f,1.9375f,-1.2246467991473532e-16f,-0.2503800040544414f,-0.9681476403781077f,0.06250000000000008f,0f,0f,0f,1f],start_interpolation:0}
execute if entity @s[tag=aj.sully.bone.right_arm] run data modify entity @s {} merge value {transformation:[-1f,2.962688750897932e-17f,1.1882695554102554e-16f,-0.8125f,0f,0.9702957262759965f,-0.24192189559966767f,1.9375f,-1.2246467991473532e-16f,-0.24192189559966767f,-0.9702957262759965f,0.0624999999999999f,0f,0f,0f,1f],start_interpolation:0}