execute if entity @s[tag=aj.sully.bone.jaw] run data modify entity @s {} merge value {transformation:[-1f,-3.1696191514317643e-17f,1.18291797137867e-16f,-0.12500000000000003f,0f,0.9659258262890683f,0.2588190451025207f,2.0666718130640374f,-1.2246467991473532e-16f,0.2588190451025207f,-0.9659258262890683f,0.18321458364150606f,0f,0f,0f,1f],start_interpolation:0}
execute if entity @s[tag=aj.sully.bone.h_head] run data modify entity @s {} merge value {transformation:[-1f,-5.341834311772714e-18f,1.223481206754078e-16f,-3.01059004790391e-17f,0f,0.9990482215818578f,0.043619387365335924f,2.0666666666666664f,-1.2246467991473532e-16f,0.043619387365335924f,-0.9990482215818578f,0.24583333333333335f,0f,0f,0f,1f],start_interpolation:0}
execute if entity @s[tag=aj.sully.bone.left_leg_down] run data modify entity @s {} merge value {transformation:[-1f,-9.38133875270273e-17f,7.871877887341988e-17f,0.3125f,0f,0.6427876096865395f,0.7660444431189779f,0.6877440434560615f,-1.2246467991473532e-16f,0.7660444431189779f,-0.6427876096865395f,-0.34764608907969863f,0f,0f,0f,1f],start_interpolation:0}
execute if entity @s[tag=aj.sully.bone.left_leg] run data modify entity @s {} merge value {transformation:[-1f,-6.123233995736765e-17f,1.0605752387249069e-16f,0.30625f,0f,0.8660254037844387f,0.49999999999999994f,1.0625f,-1.2246467991473532e-16f,0.49999999999999994f,-0.8660254037844387f,4.163336342344337e-17f,0f,0f,0f,1f],start_interpolation:0}
execute if entity @s[tag=aj.sully.bone.right_leg_down] run data modify entity @s {} merge value {transformation:[-1f,2.1265768495757688e-17f,1.2060416625018979e-16f,-0.25000000000000006f,0f,0.9848077530122081f,-0.17364817766693014f,0.6574468527077345f,-1.2246467991473532e-16f,-0.17364817766693014f,-0.9848077530122081f,0.2414478716446526f,0f,0f,0f,1f],start_interpolation:0}
execute if entity @s[tag=aj.sully.bone.right_leg] run data modify entity @s {} merge value {transformation:[-1f,8.27359385291814e-17f,9.029043306084037e-17f,-0.25f,0f,0.7372773368101242f,-0.6755902076156601f,1.0625f,-1.2246467991473532e-16f,-0.6755902076156601f,-0.7372773368101242f,-2.7755575615628914e-17f,0f,0f,0f,1f],start_interpolation:0}