execute if entity @s[tag=aj.sully.bone.jaw] run data modify entity @s {} merge value {transformation:[-1f,-2.0212502222421284e-17f,1.2078515049676923e-16f,-0.12500000000000003f,0f,0.9862856015372313f,0.16504760586067765f,2.027336714851623f,-1.2246467991473532e-16f,0.16504760586067765f,-0.9862856015372313f,0.21683570801658705f,0f,0f,0f,1f],start_interpolation:0}
execute if entity @s[tag=aj.sully.bone.h_head] run data modify entity @s {} merge value {transformation:[-1f,6.409306129323706e-18f,1.2229684632711994e-16f,-3.4188056476196946e-17f,0f,0.9986295347545738f,-0.0523359562429438f,2.033333333333333f,-1.2246467991473532e-16f,-0.0523359562429438f,-0.9986295347545738f,0.2791666666666667f,0f,0f,0f,1f],start_interpolation:0}
execute if entity @s[tag=aj.sully.bone.left_leg_down] run data modify entity @s {} merge value {transformation:[-1f,-6.84813799341365e-17f,1.0152782096024234e-16f,0.3125f,0f,0.8290375725550416f,0.5591929034707469f,0.602999872938113f,-1.2246467991473532e-16f,0.5591929034707469f,-0.8290375725550416f,-0.19814039864757146f,0f,0f,0f,1f],start_interpolation:0}
execute if entity @s[tag=aj.sully.bone.left_leg] run data modify entity @s {} merge value {transformation:[-1f,-2.266759050451355e-17f,1.203485694445026e-16f,0.30625f,0f,0.9827206467064132f,0.1850949230447147f,1.0625f,-1.2246467991473532e-16f,0.1850949230447147f,-0.9827206467064132f,4.163336342344337e-17f,0f,0f,0f,1f],start_interpolation:0}
execute if entity @s[tag=aj.sully.bone.right_leg_down] run data modify entity @s {} merge value {transformation:[-1f,-1.7043789261815547e-17f,1.2127286206821955e-16f,-0.25000000000000006f,0f,0.9902680687415705f,0.13917310096006535f,0.5960404428935161f,-1.2246467991473532e-16f,0.13917310096006535f,-0.9902680687415705f,0.09307651054894772f,0f,0f,0f,1f],start_interpolation:0}
execute if entity @s[tag=aj.sully.bone.right_leg] run data modify entity @s {} merge value {transformation:[-1f,4.817847600915739e-17f,1.1258966327356e-16f,-0.25f,0f,0.9193643698080891f,-0.3934071116888651f,1.0625f,-1.2246467991473532e-16f,-0.3934071116888651f,-0.9193643698080891f,-2.7755575615628914e-17f,0f,0f,0f,1f],start_interpolation:0}
execute if entity @s[tag=aj.sully.bone.left_arm] run data modify entity @s {} merge value {transformation:[-1f,1.5454916360788953e-17f,1.2148556863635942e-16f,0.6875f,0f,0.992004949679715f,-0.12619896913582976f,1.9375f,-1.2246467991473532e-16f,-0.12619896913582976f,-0.992004949679715f,0.06250000000000008f,0f,0f,0f,1f],start_interpolation:0}
execute if entity @s[tag=aj.sully.bone.right_arm] run data modify entity @s {} merge value {transformation:[-1f,1.492469013153036e-17f,1.2155184676135683e-16f,-0.8125f,0f,0.992546151641322f,-0.1218693434051476f,1.9375f,-1.2246467991473532e-16f,-0.1218693434051476f,-0.992546151641322f,0.0624999999999999f,0f,0f,0f,1f],start_interpolation:0}