execute if entity @s[tag=aj.sully.bone.jaw] run data modify entity @s {} merge value {transformation:[-1f,-3.682583948479538e-17f,1.1679664110263902e-16f,-0.12500000000000003f,0f,0.9537169507482269f,0.3007057995042731f,2.002736532998282f,-1.2246467991473532e-16f,0.3007057995042731f,-0.9537169507482269f,0.24994107396540088f,0f,0f,0f,1f],start_interpolation:0}
execute if entity @s[tag=aj.sully.bone.h_head] run data modify entity @s {} merge value {transformation:[-1f,-1.0673500138322974e-17f,1.2199866483456202e-16f,-3.827021247335479e-17f,0f,0.9961946980917455f,0.08715574274765818f,2f,-1.2246467991473532e-16f,0.08715574274765818f,-0.9961946980917455f,0.3125f,0f,0f,0f,1f],start_interpolation:0}
execute if entity @s[tag=aj.sully.bone.left_leg_down] run data modify entity @s {} merge value {transformation:[-1f,-3.78436673043415e-17f,1.1647083184890923e-16f,0.3125f,0f,0.9510565162951536f,0.30901699437494734f,0.57378132624377f,-1.2246467991473532e-16f,0.30901699437494734f,-0.9510565162951536f,-0.031776026196437546f,0f,0f,0f,1f],start_interpolation:0}
execute if entity @s[tag=aj.sully.bone.left_leg] run data modify entity @s {} merge value {transformation:[-1f,1.8453677518356855e-17f,1.2106634384777244e-16f,0.30625f,0f,0.9885817194971117f,-0.15068571224948307f,1.0625f,-1.2246467991473532e-16f,-0.15068571224948307f,-0.9885817194971117f,4.163336342344337e-17f,0f,0f,0f,1f],start_interpolation:0}
execute if entity @s[tag=aj.sully.bone.right_leg_down] run data modify entity @s {} merge value {transformation:[-1f,-5.36849821753798e-17f,1.1007052518929727e-16f,-0.24999999999999997f,0f,0.8987940462991669f,0.4383711467890773f,0.5876314463314858f,-1.2246467991473532e-16f,0.4383711467890773f,-0.8987940462991669f,-0.06855811983876264f,0f,0f,0f,1f],start_interpolation:0}
execute if entity @s[tag=aj.sully.bone.right_leg] run data modify entity @s {} merge value {transformation:[-1f,8.187301045458802e-18f,1.2219069493300053e-16f,-0.25f,0f,0.9977627428420542f,-0.06685438651502719f,1.0625f,-1.2246467991473532e-16f,-0.06685438651502719f,-0.9977627428420542f,-2.7755575615628914e-17f,0f,0f,0f,1f],start_interpolation:0}
execute if entity @s[tag=aj.sully.bone.left_arm] run data modify entity @s {} merge value {transformation:[-1f,7.241454681734081e-17f,9.876098033058266e-17f,0.6875f,0f,0.8064446042674827f,-0.5913096483635824f,1.9375f,-1.2246467991473532e-16f,-0.5913096483635824f,-0.8064446042674827f,0.06250000000000008f,0f,0f,0f,1f],start_interpolation:0}
execute if entity @s[tag=aj.sully.bone.right_arm] run data modify entity @s {} merge value {transformation:[-1f,7.024285468436541e-17f,1.0031719290535247e-16f,-0.8125f,0f,0.8191520442889918f,-0.573576436351046f,1.9375f,-1.2246467991473532e-16f,-0.573576436351046f,-0.8191520442889918f,0.0624999999999999f,0f,0f,0f,1f],start_interpolation:0}