execute if entity @s[tag=aj.sully.bone.jaw] run data modify entity @s {} merge value {transformation:[-1f,-2.858881176219238e-17f,1.1908097106021814e-16f,-0.12500000000000003f,0f,0.9723699203976767f,0.23344536385590545f,2.015032643526709f,-1.2246467991473532e-16f,0.23344536385590545f,-0.9723699203976767f,0.2332359068061093f,0f,0f,0f,1f],start_interpolation:0}
execute if entity @s[tag=aj.sully.bone.h_head] run data modify entity @s {} merge value {transformation:[-1f,-2.1373033680837936e-18f,1.2244602795081332e-16f,-3.622913447477587e-17f,0f,0.9998476951563913f,0.01745240643728353f,2.0166666666666666f,-1.2246467991473532e-16f,0.01745240643728353f,-0.9998476951563913f,0.29583333333333334f,0f,0f,0f,1f],start_interpolation:0}
execute if entity @s[tag=aj.sully.bone.left_leg_down] run data modify entity @s {} merge value {transformation:[-1f,-5.3684982175379825e-17f,1.1007052518929729e-16f,0.3125f,0f,0.8987940462991669f,0.43837114678907746f,0.5811894860951516f,-1.2246467991473532e-16f,0.43837114678907746f,-0.8987940462991669f,-0.11585038135479128f,0f,0f,0f,1f],start_interpolation:0}
execute if entity @s[tag=aj.sully.bone.left_leg] run data modify entity @s {} merge value {transformation:[-1f,-2.1373033680837913e-18f,1.2244602795081332e-16f,0.30625f,0f,0.9998476951563913f,0.01745240643728351f,1.0625f,-1.2246467991473532e-16f,0.01745240643728351f,-0.9998476951563913f,4.163336342344337e-17f,0f,0f,0f,1f],start_interpolation:0}
execute if entity @s[tag=aj.sully.bone.right_leg_down] run data modify entity @s {} merge value {transformation:[-1f,-3.580520723499545e-17f,1.1711355583995222e-16f,-0.24999999999999997f,0f,0.9563047559630355f,0.2923717047227367f,0.5849519496528142f,-1.2246467991473532e-16f,0.2923717047227367f,-0.9563047559630355f,0.012778995450732383f,0f,0f,0f,1f],start_interpolation:0}
execute if entity @s[tag=aj.sully.bone.right_leg] run data modify entity @s {} merge value {transformation:[-1f,2.8588811762192377e-17f,1.1908097106021811e-16f,-0.25f,0f,0.9723699203976766f,-0.23344536385590542f,1.0625f,-1.2246467991473532e-16f,-0.23344536385590542f,-0.9723699203976766f,-2.7755575615628914e-17f,0f,0f,0f,1f],start_interpolation:0}
execute if entity @s[tag=aj.sully.bone.left_arm] run data modify entity @s {} merge value {transformation:[-1f,4.538019797466663e-17f,1.1374636459420863e-16f,0.6875f,0f,0.9288095528719242f,-0.3705574375098362f,1.9375f,-1.2246467991473532e-16f,-0.3705574375098362f,-0.9288095528719242f,0.06250000000000008f,0f,0f,0f,1f],start_interpolation:0}
execute if entity @s[tag=aj.sully.bone.right_arm] run data modify entity @s {} merge value {transformation:[-1f,4.388741623276522e-17f,1.143306281056419e-16f,-0.8125f,0f,0.9335804264972017f,-0.3583679495453003f,1.9375f,-1.2246467991473532e-16f,-0.3583679495453003f,-0.9335804264972017f,0.0624999999999999f,0f,0f,0f,1f],start_interpolation:0}