execute if entity @s[tag=aj.sully.bone.jaw] run data modify entity @s {} merge value {transformation:[-1f,-2.546183866652831e-17f,1.1978853283323184e-16f,-0.12500000000000003f,0f,0.9781476007338056f,0.20791169081775934f,2.0467279272005525f,-1.2246467991473532e-16f,0.20791169081775934f,-0.9781476007338056f,0.19996679778670978f,0f,0f,0f,1f],start_interpolation:0}
execute if entity @s[tag=aj.sully.bone.h_head] run data modify entity @s {} merge value {transformation:[-1f,1.0686923765729392e-18f,1.2246001683497691e-16f,-3.2146978477618024e-17f,0f,0.9999619230641713f,-0.008726535498373935f,2.05f,-1.2246467991473532e-16f,-0.008726535498373935f,-0.9999619230641713f,0.2625f,0f,0f,0f,1f],start_interpolation:0}
execute if entity @s[tag=aj.sully.bone.left_leg_down] run data modify entity @s {} merge value {transformation:[-1f,1.2801044796052341e-17f,1.217938055844715e-16f,0.31249999999999994f,0f,0.9945218953682735f,-0.10452846326765347f,0.6358292932629567f,-1.2246467991473532e-16f,-0.10452846326765347f,-0.9945218953682735f,0.2067258174199551f,0f,0f,0f,1f],start_interpolation:0}
execute if entity @s[tag=aj.sully.bone.left_leg] run data modify entity @s {} merge value {transformation:[-1f,7.483407821220115e-17f,9.694048981075317e-17f,0.30625f,0f,0.7915791710577035f,-0.6110666215295998f,1.0625f,-1.2246467991473532e-16f,-0.6110666215295998f,-0.7915791710577035f,4.163336342344337e-17f,0f,0f,0f,1f],start_interpolation:0}
execute if entity @s[tag=aj.sully.bone.right_leg_down] run data modify entity @s {} merge value {transformation:[-1f,-9.780464210648311e-17f,7.370108417819463e-17f,-0.24999999999999997f,0f,0.6018150231520484f,0.7986355100472928f,0.6765613905342505f,-1.2246467991473532e-16f,0.7986355100472928f,-0.6018150231520484f,-0.29547786089155387f,0f,0f,0f,1f],start_interpolation:0}
execute if entity @s[tag=aj.sully.bone.right_leg] run data modify entity @s {} merge value {transformation:[-1f,-5.207844956546277e-17f,1.1083967212815152e-16f,-0.25f,0f,0.90507460767727f,0.42525281249844293f,1.0625f,-1.2246467991473532e-16f,0.42525281249844293f,-0.90507460767727f,-2.7755575615628914e-17f,0f,0f,0f,1f],start_interpolation:0}
execute if entity @s[tag=aj.sully.bone.left_arm] run data modify entity @s {} merge value {transformation:[-1f,1.112154630992404e-16f,5.127103075070825e-17f,0.6875f,0f,0.41865973753742824f,-0.9081431738250811f,1.9375f,-1.2246467991473532e-16f,-0.9081431738250811f,-0.41865973753742824f,0.06250000000000008f,0f,0f,0f,1f],start_interpolation:0}
execute if entity @s[tag=aj.sully.bone.right_arm] run data modify entity @s {} merge value {transformation:[-1f,1.0911682878666933e-16f,5.559780123493435e-17f,-0.8125f,0f,0.45399049973954697f,-0.8910065241883677f,1.9375f,-1.2246467991473532e-16f,-0.8910065241883677f,-0.45399049973954697f,0.0624999999999999f,0f,0f,0f,1f],start_interpolation:0}