execute if entity @s[tag=aj.sully.bone.jaw] run data modify entity @s {} merge value {transformation:[-1f,-2.962688750897932e-17f,1.1882695554102554e-16f,-0.125f,0f,0.9702957262759965f,0.24192189559966773f,2.11557896441f,-1.2246467991473532e-16f,0.24192189559966773f,-0.9702957262759965f,0.1332240309633662f,0f,0f,0f,1f],start_interpolation:0}
execute if entity @s[tag=aj.sully.bone.h_head] run data modify entity @s {} merge value {transformation:[-1f,-3.2057515956682574e-18f,1.2242271432755217e-16f,-2.3982666483302332e-17f,0f,0.9996573249755573f,0.02617694830787315f,2.1166666666666667f,-1.2246467991473532e-16f,0.02617694830787315f,-0.9996573249755573f,0.19583333333333333f,0f,0f,0f,1f],start_interpolation:0}
execute if entity @s[tag=aj.sully.bone.left_leg_down] run data modify entity @s {} merge value {transformation:[-1f,2.6715529131342767e-18f,1.2243553663724799e-16f,0.3125f,0f,0.9997620270799091f,-0.02181488503456111f,0.5041126539002068f,-1.2246467991473532e-16f,-0.02181488503456111f,-0.9997620270799091f,-0.0731431994247045f,0f,0f,0f,1f],start_interpolation:0}
execute if entity @s[tag=aj.sully.bone.left_leg] run data modify entity @s {} merge value {transformation:[-1f,1.1338737578272026e-17f,1.219386356195183e-16f,0.30625f,0f,0.995704522352214f,-0.09258781867691564f,1.0625f,-1.2246467991473532e-16f,-0.09258781867691564f,-0.995704522352214f,4.163336342344337e-17f,0f,0f,0f,1f],start_interpolation:0}
execute if entity @s[tag=aj.sully.bone.right_leg_down] run data modify entity @s {} merge value {transformation:[-1f,-1.5984848350717833e-17f,1.2141697760125282e-16f,-0.24999999999999997f,0f,0.9914448613738104f,0.13052619222005157f,0.5211280395047382f,-1.2246467991473532e-16f,0.13052619222005157f,-0.9914448613738104f,-0.19735159079550532f,0f,0f,0f,1f],start_interpolation:0}
execute if entity @s[tag=aj.sully.bone.right_leg] run data modify entity @s {} merge value {transformation:[-1f,-1.5984848350717833e-17f,1.2141697760125282e-16f,-0.25f,0f,0.9914448613738104f,0.13052619222005157f,1.0625f,-1.2246467991473532e-16f,0.13052619222005157f,-0.9914448613738104f,-2.7755575615628914e-17f,0f,0f,0f,1f],start_interpolation:0}
execute if entity @s[tag=aj.sully.bone.left_arm] run data modify entity @s {} merge value {transformation:[-1f,1.5454916360788953e-17f,1.2148556863635942e-16f,0.6875f,0f,0.992004949679715f,-0.12619896913582976f,1.9375f,-1.2246467991473532e-16f,-0.12619896913582976f,-0.992004949679715f,0.06250000000000008f,0f,0f,0f,1f],start_interpolation:0}
execute if entity @s[tag=aj.sully.bone.right_arm] run data modify entity @s {} merge value {transformation:[-1f,1.4924690131530345e-17f,1.2155184676135683e-16f,-0.8125f,0f,0.992546151641322f,-0.12186934340514746f,1.9375f,-1.2246467991473532e-16f,-0.12186934340514746f,-0.992546151641322f,0.0624999999999999f,0f,0f,0f,1f],start_interpolation:0}