execute if entity @s[tag=aj.sully.bone.jaw] run data modify entity @s {} merge value {transformation:[-1f,-3.06627070535773e-17f,1.1856389088911126e-16f,-0.12500000000000003f,0f,0.9681476403781079f,0.25038000405444144f,2.016125368126029f,-1.2246467991473532e-16f,0.25038000405444144f,-0.9681476403781079f,0.2332169230614004f,0f,0f,0f,1f],start_interpolation:0}
execute if entity @s[tag=aj.sully.bone.h_head] run data modify entity @s {} merge value {transformation:[-1f,-4.273955692857143e-18f,1.2239007774061617e-16f,-3.622913447477587e-17f,0f,0.9993908270190958f,0.03489949670250098f,2.0166666666666666f,-1.2246467991473532e-16f,0.03489949670250098f,-0.9993908270190958f,0.29583333333333334f,0f,0f,0f,1f],start_interpolation:0}
execute if entity @s[tag=aj.sully.bone.left_leg_down] run data modify entity @s {} merge value {transformation:[-1f,-2.1265768495757707e-17f,1.2060416625018976e-16f,0.31249999999999994f,0f,0.9848077530122081f,0.1736481776669303f,0.5807690935621938f,-1.2246467991473532e-16f,0.1736481776669303f,-0.9848077530122081f,0.051607636868808315f,0f,0f,0f,1f],start_interpolation:0}
execute if entity @s[tag=aj.sully.bone.left_leg] run data modify entity @s {} merge value {transformation:[-1f,3.8520622880965836e-17f,1.1624869650658877e-16f,0.30625f,0f,0.9492426435730339f,-0.31454475615161365f,1.0625f,-1.2246467991473532e-16f,-0.31454475615161365f,-0.9492426435730339f,4.163336342344337e-17f,0f,0f,0f,1f],start_interpolation:0}
execute if entity @s[tag=aj.sully.bone.right_leg_down] run data modify entity @s {} merge value {transformation:[-1f,-7.024285468436541e-17f,1.0031719290535247e-16f,-0.24999999999999997f,0f,0.8191520442889918f,0.573576436351046f,0.6041061560128773f,-1.2246467991473532e-16f,0.573576436351046f,-0.8191520442889918f,-0.14858438051350994f,0f,0f,0f,1f],start_interpolation:0}
execute if entity @s[tag=aj.sully.bone.right_leg] run data modify entity @s {} merge value {transformation:[-1f,-1.2446707317765925e-17f,1.2183052697729108e-16f,-0.25f,0f,0.9948217482960331f,0.10163507818280183f,1.0625f,-1.2246467991473532e-16f,0.10163507818280183f,-0.9948217482960331f,-2.7755575615628914e-17f,0f,0f,0f,1f],start_interpolation:0}
execute if entity @s[tag=aj.sully.bone.left_arm] run data modify entity @s {} merge value {transformation:[-1f,9.483574728585041e-17f,7.748405554275599e-17f,0.6875f,0f,0.6327053285625162f,-0.7743926440821856f,1.9375f,-1.2246467991473532e-16f,-0.7743926440821856f,-0.6327053285625162f,0.06250000000000008f,0f,0f,0f,1f],start_interpolation:0}
execute if entity @s[tag=aj.sully.bone.right_arm] run data modify entity @s {} merge value {transformation:[-1f,9.242526717056603e-17f,8.034405899049454e-17f,-0.8125f,0f,0.6560590289905073f,-0.754709580222772f,1.9375f,-1.2246467991473532e-16f,-0.754709580222772f,-0.6560590289905073f,0.0624999999999999f,0f,0f,0f,1f],start_interpolation:0}