execute if entity @s[tag=aj.sully.bone.jaw] run data modify entity @s {} merge value {transformation:[-1f,-2.126576849575772e-17f,1.2060416625018979e-16f,-0.12500000000000003f,0f,0.984807753012208f,0.17364817766693036f,2.0362142098411207f,-1.2246467991473532e-16f,0.17364817766693036f,-0.984807753012208f,0.2084524183511155f,0f,0f,0f,1f],start_interpolation:0}
execute if entity @s[tag=aj.sully.bone.h_head] run data modify entity @s {} merge value {transformation:[-1f,5.341834311772723e-18f,1.223481206754078e-16f,-3.316751747690748e-17f,0f,0.9990482215818578f,-0.043619387365336f,2.0416666666666665f,-1.2246467991473532e-16f,-0.043619387365336f,-0.9990482215818578f,0.2708333333333333f,0f,0f,0f,1f],start_interpolation:0}
execute if entity @s[tag=aj.sully.bone.left_leg_down] run data modify entity @s {} merge value {transformation:[-1f,4.273955692857127e-18f,1.2239007774061617e-16f,0.31249999999999994f,0f,0.9993908270190957f,-0.034899496702500865f,0.6172023047807352f,-1.2246467991473532e-16f,-0.034899496702500865f,-0.9993908270190957f,0.17011581817595578f,0f,0f,0f,1f],start_interpolation:0}
execute if entity @s[tag=aj.sully.bone.left_leg] run data modify entity @s {} merge value {transformation:[-1f,6.639999925074525e-17f,1.0290110750676889e-16f,0.30625f,0f,0.8402513082009657f,-0.542197140407957f,1.0625f,-1.2246467991473532e-16f,-0.542197140407957f,-0.8402513082009657f,4.163336342344337e-17f,0f,0f,0f,1f],start_interpolation:0}
execute if entity @s[tag=aj.sully.bone.right_leg_down] run data modify entity @s {} merge value {transformation:[-1f,-9.172062261673503e-17f,8.114755210982677e-17f,-0.24999999999999994f,0f,0.6626200482157373f,0.7489557207890022f,0.6537627184733483f,-1.2246467991473532e-16f,0.7489557207890022f,-0.6626200482157373f,-0.26109401988576564f,0f,0f,0f,1f],start_interpolation:0}
execute if entity @s[tag=aj.sully.bone.right_leg] run data modify entity @s {} merge value {transformation:[-1f,-4.25541781587009e-17f,1.1483353059039907e-16f,-0.25f,0f,0.9376869369221448f,0.3474812344941315f,1.0625f,-1.2246467991473532e-16f,0.3474812344941315f,-0.9376869369221448f,-2.7755575615628914e-17f,0f,0f,0f,1f],start_interpolation:0}
execute if entity @s[tag=aj.sully.bone.left_arm] run data modify entity @s {} merge value {transformation:[-1f,1.16796641102639e-16f,3.6825839484795395e-17f,0.6875f,0f,0.30070579950427323f,-0.9537169507482269f,1.9375f,-1.2246467991473532e-16f,-0.9537169507482269f,-0.30070579950427323f,0.06250000000000008f,0f,0f,0f,1f],start_interpolation:0}
execute if entity @s[tag=aj.sully.bone.right_arm] run data modify entity @s {} merge value {transformation:[-1f,1.1507915602278503e-16f,4.1885387376769936e-17f,-0.8125f,0f,0.3420201433256689f,-0.9396926207859083f,1.9375f,-1.2246467991473532e-16f,-0.9396926207859083f,-0.3420201433256689f,0.0624999999999999f,0f,0f,0f,1f],start_interpolation:0}