execute if entity @s[tag=aj.sully.bone.jaw] run data modify entity @s {} merge value {transformation:[-1f,-2.962688750897932e-17f,1.1882695554102554e-16f,-0.12500000000000003f,0f,0.9702957262759965f,0.2419218955996677f,2.057245631076667f,-1.2246467991473532e-16f,0.2419218955996677f,-0.9702957262759965f,0.19155736429669956f,0f,0f,0f,1f],start_interpolation:0}
execute if entity @s[tag=aj.sully.bone.h_head] run data modify entity @s {} merge value {transformation:[-1f,-3.205751595668256e-18f,1.2242271432755217e-16f,-3.112643947832856e-17f,0f,0.9996573249755573f,0.026176948307873135f,2.0583333333333336f,-1.2246467991473532e-16f,0.026176948307873135f,-0.9996573249755573f,0.25416666666666665f,0f,0f,0f,1f],start_interpolation:0}
execute if entity @s[tag=aj.sully.bone.left_leg_down] run data modify entity @s {} merge value {transformation:[-1f,2.1265768495757688e-17f,1.2060416625018979e-16f,0.31249999999999994f,0f,0.9848077530122081f,-0.17364817766693014f,0.6574468527077345f,-1.2246467991473532e-16f,-0.17364817766693014f,-0.9848077530122081f,0.24144787164465265f,0f,0f,0f,1f],start_interpolation:0}
execute if entity @s[tag=aj.sully.bone.left_leg] run data modify entity @s {} merge value {transformation:[-1f,8.27359385291814e-17f,9.029043306084037e-17f,0.30625f,0f,0.7372773368101242f,-0.6755902076156601f,1.0625f,-1.2246467991473532e-16f,-0.6755902076156601f,-0.7372773368101242f,4.163336342344337e-17f,0f,0f,0f,1f],start_interpolation:0}
execute if entity @s[tag=aj.sully.bone.right_leg_down] run data modify entity @s {} merge value {transformation:[-1f,-1.0328566345430088e-16f,6.580022455450645e-17f,-0.24999999999999997f,0f,0.5372996083468239f,0.8433914458128857f,0.7022466064611693f,-1.2246467991473532e-16f,0.8433914458128857f,-0.5372996083468239f,-0.327867088828502f,0f,0f,0f,1f],start_interpolation:0}
execute if entity @s[tag=aj.sully.bone.left_arm] run data modify entity @s {} merge value {transformation:[-1f,1.0385593864809738e-16f,6.489639307497149e-17f,0.6875f,0f,0.5299192642332049f,-0.848048096156426f,1.9375f,-1.2246467991473532e-16f,-0.848048096156426f,-0.5299192642332049f,0.06250000000000008f,0f,0f,0f,1f],start_interpolation:0}
execute if entity @s[tag=aj.sully.bone.right_arm] run data modify entity @s {} merge value {transformation:[-1f,1.0152782096024235e-16f,6.84813799341365e-17f,-0.8125f,0f,0.5591929034707469f,-0.8290375725550417f,1.9375f,-1.2246467991473532e-16f,-0.8290375725550417f,-0.5591929034707469f,0.0624999999999999f,0f,0f,0f,1f],start_interpolation:0}