execute if entity @s[tag=aj.sully.bone.jaw] run data modify entity @s {} merge value {transformation:[-1f,-3.375584055267281e-17f,1.1772060590738184e-16f,-0.12500000000000003f,0f,0.9612616959383188f,0.27563735581699916f,2.0677646601504325f,-1.2246467991473532e-16f,0.27563735581699916f,-0.9612616959383188f,0.18322421059740343f,0f,0f,0f,1f],start_interpolation:0}
execute if entity @s[tag=aj.sully.bone.h_head] run data modify entity @s {} merge value {transformation:[-1f,-7.476289853398312e-18f,1.2223625860049279e-16f,-3.0105900479039097e-17f,0f,0.9981347984218669f,0.06104853953485688f,2.0666666666666664f,-1.2246467991473532e-16f,0.06104853953485688f,-0.9981347984218669f,0.24583333333333332f,0f,0f,0f,1f],start_interpolation:0}
execute if entity @s[tag=aj.sully.bone.left_leg_down] run data modify entity @s {} merge value {transformation:[-1f,1.8629741797293827e-17f,1.2103937601947865e-16f,0.31249999999999994f,0f,0.9883615104677608f,-0.15212338618991672f,0.6236311841777848f,-1.2246467991473532e-16f,-0.15212338618991672f,-0.9883615104677608f,0.20446282451065345f,0f,0f,0f,1f],start_interpolation:0}
execute if entity @s[tag=aj.sully.bone.left_leg] run data modify entity @s {} merge value {transformation:[-1f,7.402075391006344e-17f,9.756293259842289e-17f,0.30625f,0f,0.7966618021322556f,-0.6044253246046091f,1.0625f,-1.2246467991473532e-16f,-0.6044253246046091f,-0.7966618021322556f,4.163336342344337e-17f,0f,0f,0f,1f],start_interpolation:0}
execute if entity @s[tag=aj.sully.bone.right_leg_down] run data modify entity @s {} merge value {transformation:[-1f,-9.466647774181198e-17f,7.76907704851586e-17f,-0.24999999999999994f,0f,0.6343932841636457f,0.7730104533627368f,0.6890501703767664f,-1.2246467991473532e-16f,0.7730104533627368f,-0.6343932841636457f,-0.3460721530441561f,0f,0f,0f,1f],start_interpolation:0}
execute if entity @s[tag=aj.sully.bone.left_arm] run data modify entity @s {} merge value {transformation:[-1f,9.483574728585041e-17f,7.748405554275599e-17f,0.6875f,0f,0.6327053285625162f,-0.7743926440821856f,1.9375f,-1.2246467991473532e-16f,-0.7743926440821856f,-0.6327053285625162f,0.06250000000000008f,0f,0f,0f,1f],start_interpolation:0}
execute if entity @s[tag=aj.sully.bone.right_arm] run data modify entity @s {} merge value {transformation:[-1f,9.242526717056603e-17f,8.034405899049454e-17f,-0.8125f,0f,0.6560590289905073f,-0.754709580222772f,1.9375f,-1.2246467991473532e-16f,-0.754709580222772f,-0.6560590289905073f,0.0624999999999999f,0f,0f,0f,1f],start_interpolation:0}