execute if entity @s[tag=aj.sully.bone.jaw] run data modify entity @s {} merge value {transformation:[-1f,-3.78436673043415e-17f,1.1647083184890923e-16f,-0.12500000000000003f,0f,0.9510565162951536f,0.30901699437494745f,2.0782823514882716f,-1.2246467991473532e-16f,0.30901699437494745f,-0.9510565162951536f,0.17496733646996498f,0f,0f,0f,1f],start_interpolation:0}
execute if entity @s[tag=aj.sully.bone.h_head] run data modify entity @s {} merge value {transformation:[-1f,-1.1737719403576166e-17f,1.2190087682138094e-16f,-2.9085361479749636e-17f,0f,0.9953961983671789f,0.09584575252022398f,2.075f,-1.2246467991473532e-16f,0.09584575252022398f,-0.9953961983671789f,0.2375f,0f,0f,0f,1f],start_interpolation:0}
execute if entity @s[tag=aj.sully.bone.left_leg_down] run data modify entity @s {} merge value {transformation:[-1f,1.5984848350717824e-17f,1.2141697760125282e-16f,0.31249999999999994f,0f,0.9914448613738105f,-0.13052619222005157f,0.5933543525156877f,-1.2246467991473532e-16f,-0.13052619222005157f,-0.9914448613738105f,0.1642173908286537f,0f,0f,0f,1f],start_interpolation:0}
execute if entity @s[tag=aj.sully.bone.left_leg] run data modify entity @s {} merge value {transformation:[-1f,6.466966030315955e-17f,1.0399727334354744e-16f,0.30625f,0f,0.8492021815265789f,-0.5280678506503679f,1.0625f,-1.2246467991473532e-16f,-0.5280678506503679f,-0.8492021815265789f,4.163336342344337e-17f,0f,0f,0f,1f],start_interpolation:0}
execute if entity @s[tag=aj.sully.bone.right_leg_down] run data modify entity @s {} merge value {transformation:[-1f,-8.468592503323611e-17f,8.846407139558797e-17f,-0.24999999999999994f,0f,0.7223639620597556f,0.6915130557822693f,0.6737694083304288f,-1.2246467991473532e-16f,0.6915130557822693f,-0.7223639620597556f,-0.36256665514967673f,0f,0f,0f,1f],start_interpolation:0}
execute if entity @s[tag=aj.sully.bone.left_arm] run data modify entity @s {} merge value {transformation:[-1f,8.429912278017903e-17f,8.883274016437227e-17f,0.6875f,0f,0.7253743710122876f,-0.688354575693754f,1.9375f,-1.2246467991473532e-16f,-0.688354575693754f,-0.7253743710122876f,0.06250000000000008f,0f,0f,0f,1f],start_interpolation:0}
execute if entity @s[tag=aj.sully.bone.right_arm] run data modify entity @s {} merge value {transformation:[-1f,8.194486552889033e-17f,9.100899318238092e-17f,-0.8125f,0f,0.7431448254773942f,-0.6691306063588582f,1.9375f,-1.2246467991473532e-16f,-0.6691306063588582f,-0.7431448254773942f,0.0624999999999999f,0f,0f,0f,1f],start_interpolation:0}