execute if entity @s[tag=aj.sully.bone.jaw] run data modify entity @s {} merge value {transformation:[-1f,-3.8858613182104675e-17f,1.1613615289039903e-16f,-0.12500000000000008f,0f,0.9483236552061994f,0.31730465640509214f,1.9422564364402635f,-1.2246467991473532e-16f,0.31730465640509214f,-0.9483236552061994f,0.6414566761570326f,0f,0f,0f,1f],start_interpolation:0}
execute if entity @s[tag=aj.sully.bone.h_head] run data modify entity @s {} merge value {transformation:[-1f,1.5984848350717836e-17f,1.2141697760125282e-16f,-8.610797806504827e-17f,0f,0.9914448613738104f,-0.1305261922200516f,1.953125f,-1.2246467991473532e-16f,-0.1305261922200516f,-0.9914448613738104f,0.703125f,0f,0f,0f,1f],start_interpolation:0}
execute if entity @s[tag=aj.sully.bone.left_arm] run data modify entity @s {} merge value {transformation:[-1f,6.995074702738581e-17f,-1.005210963774732e-16f,0.6874999999999999f,0f,-0.8208170424930674f,-0.5711911963195285f,1.9375f,-1.2246467991473532e-16f,-0.5711911963195285f,0.8208170424930674f,0.5000000000000001f,0f,0f,0f,1f],start_interpolation:0}
execute if entity @s[tag=aj.sully.bone.right_arm] run data modify entity @s {} merge value {transformation:[-1f,6.61003915597998e-17f,-1.0309382164930994e-16f,-0.8125f,0f,-0.8418249385952576f,-0.5397506579515128f,1.9375f,-1.2246467991473532e-16f,-0.5397506579515128f,0.8418249385952576f,0.3749999999999999f,0f,0f,0f,1f],start_interpolation:0}
execute if entity @s[tag=aj.sully.bone.torso] run data modify entity @s {} merge value {transformation:[-1f,-7.024285468436541e-17f,1.0031719290535247e-16f,-2.0410779985789216e-17f,0f,0.8191520442889918f,0.573576436351046f,1.5f,-1.2246467991473532e-16f,0.573576436351046f,-0.8191520442889918f,0.16666666666666666f,0f,0f,0f,1f],start_interpolation:0}