execute if entity @s[tag=aj.sully.bone.jaw] run data modify entity @s {} merge value {transformation:[-1f,-4.138286270811531e-17f,1.1526081945179748e-16f,-0.12500000000000006f,0f,0.9411760152563706f,0.3379167180033269f,1.9746684025265022f,-1.2246467991473532e-16f,0.3379167180033269f,-0.9411760152563706f,0.5188277649902773f,0f,0f,0f,1f],start_interpolation:0}
execute if entity @s[tag=aj.sully.bone.h_head] run data modify entity @s {} merge value {transformation:[-1f,3.426917063416142e-17f,1.17572198119561e-16f,-7.079989307570636e-17f,0f,0.9600498543859287f,-0.27982901403099203f,1.9947916666666667f,-1.2246467991473532e-16f,-0.27982901403099203f,-0.9600498543859287f,0.578125f,0f,0f,0f,1f],start_interpolation:0}
execute if entity @s[tag=aj.sully.bone.left_arm] run data modify entity @s {} merge value {transformation:[-1f,2.6715529131343437e-18f,-1.22435536637248e-16f,0.6874999999999999f,0f,-0.999762027079909f,-0.02181488503456166f,1.9375f,-1.2246467991473532e-16f,-0.02181488503456166f,0.999762027079909f,0.5000000000000001f,0f,0f,0f,1f],start_interpolation:0}
execute if entity @s[tag=aj.sully.bone.right_arm] run data modify entity @s {} merge value {transformation:[-1f,1.4997597826618576e-32f,-1.2246467991473532e-16f,-0.8125f,0f,-1f,-1.2246467991473532e-16f,1.9375f,-1.2246467991473532e-16f,-1.2246467991473532e-16f,1f,0.3749999999999999f,0f,0f,0f,1f],start_interpolation:0}
execute if entity @s[tag=aj.sully.bone.torso] run data modify entity @s {} merge value {transformation:[-1f,-7.024285468436541e-17f,1.0031719290535247e-16f,-1.3607186657192811e-17f,0f,0.8191520442889918f,0.573576436351046f,1.5f,-1.2246467991473532e-16f,0.573576436351046f,-0.8191520442889918f,0.1111111111111111f,0f,0f,0f,1f],start_interpolation:0}