execute if entity @s[tag=aj.sully.bone.jaw] run data modify entity @s {} merge value {transformation:[-1f,-4.562824585278071e-17f,1.1364708974283846e-16f,-0.12500000000000006f,0f,0.9279989121921846f,0.372582902144103f,1.970108086091604f,-1.2246467991473532e-16f,0.372582902144103f,-0.9279989121921846f,0.5342367864728628f,0f,0f,0f,1f],start_interpolation:0}
execute if entity @s[tag=aj.sully.bone.h_head] run data modify entity @s {} merge value {transformation:[-1f,3.2984643495599375e-17f,1.1793901441035867e-16f,-7.271340369937409e-17f,0f,0.9630451367077627f,-0.2693400539532261f,1.9895833333333335f,-1.2246467991473532e-16f,-0.2693400539532261f,-0.9630451367077627f,0.59375f,0f,0f,0f,1f],start_interpolation:0}
execute if entity @s[tag=aj.sully.bone.left_arm] run data modify entity @s {} merge value {transformation:[-1f,6.676100993809739e-18f,-1.2228257235656696e-16f,0.6874999999999999f,0f,-0.9985129789397633f,-0.05451450163800616f,1.9375f,-1.2246467991473532e-16f,-0.05451450163800616f,0.9985129789397633f,0.5000000000000001f,0f,0f,0f,1f],start_interpolation:0}
execute if entity @s[tag=aj.sully.bone.right_arm] run data modify entity @s {} merge value {transformation:[-1f,-5.3418343117727564e-18f,-1.223481206754078e-16f,-0.8125f,0f,-0.9990482215818579f,0.04361938736533627f,1.9375f,-1.2246467991473532e-16f,0.04361938736533627f,0.9990482215818579f,0.3749999999999999f,0f,0f,0f,1f],start_interpolation:0}
execute if entity @s[tag=aj.sully.bone.torso] run data modify entity @s {} merge value {transformation:[-1f,-7.024285468436541e-17f,1.0031719290535247e-16f,-1.4457635823267362e-17f,0f,0.8191520442889918f,0.573576436351046f,1.5f,-1.2246467991473532e-16f,0.573576436351046f,-0.8191520442889918f,0.11805555555555555f,0f,0f,0f,1f],start_interpolation:0}