execute if entity @s[tag=aj.sully.bone.jaw] run data modify entity @s {} merge value {transformation:[-1f,-4.001545376626125e-17f,1.157426511122792e-16f,-0.12500000000000003f,0f,0.945110469344008f,0.32675097664176783f,2.046264857419305f,-1.2246467991473532e-16f,0.32675097664176783f,-0.945110469344008f,0.3289847751685198f,0f,0f,0f,1f],start_interpolation:0}
execute if entity @s[tag=aj.sully.bone.h_head] run data modify entity @s {} merge value {transformation:[-1f,1.629643153695094e-17f,1.2137555003286308e-16f,-4.783776559169348e-17f,0f,0.9911065796062135f,-0.13307046201645364f,2.057291666666667f,-1.2246467991473532e-16f,-0.13307046201645364f,-0.9911065796062135f,0.39062499999999994f,0f,0f,0f,1f],start_interpolation:0}
execute if entity @s[tag=aj.sully.bone.left_arm] run data modify entity @s {} merge value {transformation:[-1f,8.1746119849654e-17f,-9.118755241887229e-17f,0.6874999999999999f,0f,-0.7446028722923264f,-0.6675077247298473f,1.9375f,-1.2246467991473532e-16f,-0.6675077247298473f,0.7446028722923264f,0.41796875000000017f,0f,0f,0f,1f],start_interpolation:0}
execute if entity @s[tag=aj.sully.bone.right_arm] run data modify entity @s {} merge value {transformation:[-1f,1.181590611771242e-16f,-3.218748341140075e-17f,-0.8125f,0f,-0.2628307478842955f,-0.9648419549162349f,1.9375f,-1.2246467991473532e-16f,-0.9648419549162349f,0.2628307478842955f,0.3164062499999999f,0f,0f,0f,1f],start_interpolation:0}
execute if entity @s[tag=aj.sully.bone.torso] run data modify entity @s {} merge value {transformation:[-1f,-5.514922828119348e-17f,1.0934422914176764e-16f,-3.4017966642982016e-18f,0f,0.8928633890024238f,0.450327623602091f,1.5f,-1.2246467991473532e-16f,0.450327623602091f,-0.8928633890024238f,0.027777777777777762f,0f,0f,0f,1f],start_interpolation:0}