execute if entity @s[tag=aj.sully.bone.jaw] run data modify entity @s {} merge value {transformation:[-1f,-3.7966959275805896e-17f,1.1643069968856097e-16f,-0.12500000000000003f,0f,0.9507288123369494f,0.31002374972310354f,2.057949435930024f,-1.2246467991473532e-16f,0.31002374972310354f,-0.9507288123369494f,0.29752136824789666f,0f,0f,0f,1f],start_interpolation:0}
execute if entity @s[tag=aj.sully.bone.h_head] run data modify entity @s {} merge value {transformation:[-1f,1.3800932565876764e-17f,1.2168455977210378e-16f,-4.4010744344358e-17f,0f,0.9936298356132177f,-0.11269316651532107f,2.0677083333333335f,-1.2246467991473532e-16f,-0.11269316651532107f,-0.9936298356132177f,0.35937499999999994f,0f,0f,0f,1f],start_interpolation:0}
execute if entity @s[tag=aj.sully.bone.left_arm] run data modify entity @s {} merge value {transformation:[-1f,1.092378645978006e-16f,-5.5359613119413703e-17f,0.6875f,0f,-0.4520455461767199f,-0.8919948565893142f,1.9375f,-1.2246467991473532e-16f,-0.8919948565893142f,0.4520455461767199f,0.3632812500000001f,0f,0f,0f,1f],start_interpolation:0}
execute if entity @s[tag=aj.sully.bone.right_arm] run data modify entity @s {} merge value {transformation:[-1f,1.2244776199369986e-16f,2.0355366252683095e-18f,-0.8125f,0f,0.016621417919726156f,-0.9998618546911058f,1.9375f,-1.2246467991473532e-16f,-0.9998618546911058f,-0.016621417919726156f,0.2773437499999999f,0f,0f,0f,1f],start_interpolation:0}
execute if entity @s[tag=aj.sully.bone.torso] run data modify entity @s {} merge value {transformation:[-1f,-4.715544805619141e-17f,1.1302195160781116e-16f,-1.7008983321490993e-18f,0f,0.9228942719362142f,0.3850534545064166f,1.5f,-1.2246467991473532e-16f,0.3850534545064166f,-0.9228942719362142f,0.013888888888888867f,0f,0f,0f,1f],start_interpolation:0}