execute if entity @s[tag=aj.sully.bone.jaw] run data modify entity @s {} merge value {transformation:[-1f,-4.18853873767699e-17f,1.1507915602278503e-16f,-0.12500000000000003f,0f,0.9396926207859084f,0.34202014332566866f,2.022910179731952f,-1.2246467991473532e-16f,0.34202014332566866f,-0.9396926207859084f,0.3919894508207663f,0f,0f,0f,1f],start_interpolation:0}
execute if entity @s[tag=aj.sully.bone.h_head] run data modify entity @s {} merge value {transformation:[-1f,2.1265768495757713e-17f,1.2060416625018976e-16f,-5.5491808086364444e-17f,0f,0.984807753012208f,-0.17364817766693033f,2.0364583333333335f,-1.2246467991473532e-16f,-0.17364817766693033f,-0.984807753012208f,0.453125f,0f,0f,0f,1f],start_interpolation:0}
execute if entity @s[tag=aj.sully.bone.left_arm] run data modify entity @s {} merge value {transformation:[-1f,1.749722844781224e-17f,-1.2120827044085582e-16f,0.6874999999999999f,0f,-0.9897406380782259f,-0.1428757128993804f,1.9375f,-1.2246467991473532e-16f,-0.1428757128993804f,0.9897406380782259f,0.5000000000000001f,0f,0f,0f,1f],start_interpolation:0}
execute if entity @s[tag=aj.sully.bone.right_arm] run data modify entity @s {} merge value {transformation:[-1f,8.254815705624076e-17f,-9.046214453149329e-17f,-0.8125f,0f,-0.7386794673735853f,-0.6740568555253156f,1.9375f,-1.2246467991473532e-16f,-0.6740568555253156f,0.7386794673735853f,0.3749999999999999f,0f,0f,0f,1f],start_interpolation:0}
execute if entity @s[tag=aj.sully.bone.torso] run data modify entity @s {} merge value {transformation:[-1f,-7.024285468436541e-17f,1.0031719290535247e-16f,-6.803593328596405e-18f,0f,0.8191520442889918f,0.573576436351046f,1.5f,-1.2246467991473532e-16f,0.573576436351046f,-0.8191520442889918f,0.05555555555555555f,0f,0f,0f,1f],start_interpolation:0}