execute if entity @s[tag=aj.sully.bone.jaw] run data modify entity @s {} merge value {transformation:[-1f,-4.306463577057707e-17f,1.1464307642664737e-16f,-0.12500000000000003f,0f,0.9361317606551239f,0.35164943721373665f,2.0287468728844544f,-1.2246467991473532e-16f,0.35164943721373665f,-0.9361317606551239f,0.37622858114848134f,0f,0f,0f,1f],start_interpolation:0}
execute if entity @s[tag=aj.sully.bone.h_head] run data modify entity @s {} merge value {transformation:[-1f,2.002646963127988e-17f,1.2081613443876608e-16f,-5.35782974626967e-17f,0f,0.9865386046236595f,-0.16352853447396495f,2.0416666666666665f,-1.2246467991473532e-16f,-0.16352853447396495f,-0.9865386046236595f,0.4375f,0f,0f,0f,1f],start_interpolation:0}
execute if entity @s[tag=aj.sully.bone.left_arm] run data modify entity @s {} merge value {transformation:[-1f,2.1265768495757762e-17f,-1.2060416625018979e-16f,0.6874999999999999f,0f,-0.9848077530122081f,-0.17364817766693072f,1.9375f,-1.2246467991473532e-16f,-0.17364817766693072f,0.9848077530122081f,0.5000000000000001f,0f,0f,0f,1f],start_interpolation:0}
execute if entity @s[tag=aj.sully.bone.right_arm] run data modify entity @s {} merge value {transformation:[-1f,9.44643789572621e-17f,-7.793637748084878e-17f,-0.8125f,0f,-0.6363988174803634f,-0.7713601915509997f,1.9375f,-1.2246467991473532e-16f,-0.7713601915509997f,0.6363988174803634f,0.3749999999999999f,0f,0f,0f,1f],start_interpolation:0}
execute if entity @s[tag=aj.sully.bone.torso] run data modify entity @s {} merge value {transformation:[-1f,-6.659356381564894e-17f,1.0277594604259144e-16f,-5.953144162521855e-18f,0f,0.8392292872863266f,0.5437777150278266f,1.5f,-1.2246467991473532e-16f,0.5437777150278266f,-0.8392292872863266f,0.048611111111111105f,0f,0f,0f,1f],start_interpolation:0}