execute if entity @s[tag=aj.sully.bone.jaw] run data modify entity @s {} merge value {transformation:[-1f,-2.858881176219238e-17f,1.1908097106021816e-16f,-0.12500000000000006f,0f,0.9723699203976767f,0.23344536385590542f,2.0108659768600425f,-1.2246467991473532e-16f,0.23344536385590542f,-0.9723699203976767f,0.4624025734727759f,0f,0f,0f,1f],start_interpolation:0}
execute if entity @s[tag=aj.sully.bone.h_head] run data modify entity @s {} merge value {transformation:[-1f,-2.1373033680837913e-18f,1.2244602795081332e-16f,-6.429395695523604e-17f,0f,0.9998476951563913f,0.01745240643728351f,2.0125f,-1.2246467991473532e-16f,0.01745240643728351f,-0.9998476951563913f,0.5249999999999999f,0f,0f,0f,1f],start_interpolation:0}
execute if entity @s[tag=aj.sully.bone.left_arm] run data modify entity @s {} merge value {transformation:[-1f,1.1272933223801343e-16f,4.7850762583162236e-17f,0.6875f,0f,0.3907311284892738f,-0.9205048534524403f,1.9375f,-1.2246467991473532e-16f,-0.9205048534524403f,-0.3907311284892738f,0.3250000000000001f,0f,0f,0f,1f],start_interpolation:0}
execute if entity @s[tag=aj.sully.bone.right_arm] run data modify entity @s {} merge value {transformation:[-1f,1.1354727397163214e-16f,4.587607655662904e-17f,-0.8125f,0f,0.37460659341591185f,-0.9271838545667874f,1.9375f,-1.2246467991473532e-16f,-0.9271838545667874f,-0.37460659341591185f,0.2499999999999999f,0f,0f,0f,1f],start_interpolation:0}
execute if entity @s[tag=aj.sully.bone.torso] run data modify entity @s {} merge value {transformation:[-1f,-4.388741623276522e-17f,1.143306281056419e-16f,-1.071565949253934e-17f,0f,0.9335804264972017f,0.3583679495453003f,1.5f,-1.2246467991473532e-16f,0.3583679495453003f,-0.9335804264972017f,0.0875f,0f,0f,0f,1f],start_interpolation:0}