execute if entity @s[tag=aj.sully.bone.jaw] run data modify entity @s {} merge value {transformation:[-1f,-4.6865204053262974e-17f,1.1314261122877003e-16f,-0.12500000000000006f,0f,0.9238795325112867f,0.3826834323650898f,1.947339712704047f,-1.2246467991473532e-16f,0.3826834323650898f,-0.9238795325112867f,0.6113886004770801f,0f,0f,0f,1f],start_interpolation:0}
execute if entity @s[tag=aj.sully.bone.h_head] run data modify entity @s {} merge value {transformation:[-1f,2.6506208041798655e-17f,1.195617780139768e-16f,-8.228095681771279e-17f,0f,0.9762960071199334f,-0.21643961393810288f,1.9635416666666665f,-1.2246467991473532e-16f,-0.21643961393810288f,-0.9762960071199334f,0.671875f,0f,0f,0f,1f],start_interpolation:0}
execute if entity @s[tag=aj.sully.bone.left_arm] run data modify entity @s {} merge value {transformation:[-1f,2.6506208041798696e-17f,-1.1956177801397682e-16f,0.6874999999999999f,0f,-0.9762960071199336f,-0.2164396139381032f,1.9375f,-1.2246467991473532e-16f,-0.2164396139381032f,0.9762960071199336f,0.5000000000000001f,0f,0f,0f,1f],start_interpolation:0}
execute if entity @s[tag=aj.sully.bone.right_arm] run data modify entity @s {} merge value {transformation:[-1f,2.1265768495757762e-17f,-1.2060416625018979e-16f,-0.8125f,0f,-0.9848077530122081f,-0.17364817766693072f,1.9375f,-1.2246467991473532e-16f,-0.17364817766693072f,0.9848077530122081f,0.3749999999999999f,0f,0f,0f,1f],start_interpolation:0}
execute if entity @s[tag=aj.sully.bone.torso] run data modify entity @s {} merge value {transformation:[-1f,-7.024285468436541e-17f,1.0031719290535247e-16f,-1.8709881653640123e-17f,0f,0.8191520442889918f,0.573576436351046f,1.5f,-1.2246467991473532e-16f,0.573576436351046f,-0.8191520442889918f,0.1527777777777778f,0f,0f,0f,1f],start_interpolation:0}