execute if entity @s[tag=aj.sully.bone.jaw] run data modify entity @s {} merge value {transformation:[-1f,-3.169619151431764e-17f,1.1829179713786698e-16f,-0.12500000000000006f,0f,0.9659258262890683f,0.25881904510252074f,1.9968000870163691f,-1.2246467991473532e-16f,0.25881904510252074f,-0.9659258262890683f,0.455902889432708f,0f,0f,0f,1f],start_interpolation:0}
execute if entity @s[tag=aj.sully.bone.h_head] run data modify entity @s {} merge value {transformation:[-1f,3.169619151431765e-17f,1.1829179713786698e-16f,-6.31458505810354e-17f,0f,0.9659258262890683f,-0.25881904510252074f,2.015625f,-1.2246467991473532e-16f,-0.25881904510252074f,-0.9659258262890683f,0.515625f,0f,0f,0f,1f],start_interpolation:0}
execute if entity @s[tag=aj.sully.bone.left_arm] run data modify entity @s {} merge value {transformation:[-1f,2.2899506922288863e-18f,-1.224432683018782e-16f,0.6874999999999999f,0f,-0.9998251609127462f,-0.018698866430902683f,1.9375f,-1.2246467991473532e-16f,-0.018698866430902683f,0.9998251609127462f,0.5000000000000001f,0f,0f,0f,1f],start_interpolation:0}
execute if entity @s[tag=aj.sully.bone.right_arm] run data modify entity @s {} merge value {transformation:[-1f,2.1265768495757762e-17f,-1.2060416625018979e-16f,-0.8125f,0f,-0.9848077530122081f,-0.17364817766693072f,1.9375f,-1.2246467991473532e-16f,-0.17364817766693072f,0.9848077530122081f,0.3749999999999999f,0f,0f,0f,1f],start_interpolation:0}
execute if entity @s[tag=aj.sully.bone.torso] run data modify entity @s {} merge value {transformation:[-1f,-7.024285468436541e-17f,1.0031719290535247e-16f,-1.0205389992894606e-17f,0f,0.8191520442889918f,0.573576436351046f,1.5f,-1.2246467991473532e-16f,0.573576436351046f,-0.8191520442889918f,0.08333333333333331f,0f,0f,0f,1f],start_interpolation:0}