execute if entity @s[tag=aj.sully.bone.jaw] run data modify entity @s {} merge value {transformation:[-1f,-3.8992724176142417e-17f,1.160911938432104e-16f,-0.12500000000000003f,0f,0.9479565367258349f,0.31839975577685475f,2.052106598926704f,-1.2246467991473532e-16f,0.31839975577685475f,-0.9479565367258349f,0.31324981738016683f,0f,0f,0f,1f],start_interpolation:0}
execute if entity @s[tag=aj.sully.bone.h_head] run data modify entity @s {} merge value {transformation:[-1f,1.504947518152317e-17f,1.215364600577921e-16f,-4.5924254968025736e-17f,0f,0.9924205096719357f,-0.12288829066471411f,2.0625f,-1.2246467991473532e-16f,-0.12288829066471411f,-0.9924205096719357f,0.37499999999999994f,0f,0f,0f,1f],start_interpolation:0}
execute if entity @s[tag=aj.sully.bone.left_arm] run data modify entity @s {} merge value {transformation:[-1f,9.715776287805224e-17f,-7.455177354798982e-17f,0.6875f,0f,-0.6087614290087204f,-0.7933533402912355f,1.9375f,-1.2246467991473532e-16f,-0.7933533402912355f,0.6087614290087204f,0.3906250000000001f,0f,0f,0f,1f],start_interpolation:0}
execute if entity @s[tag=aj.sully.bone.right_arm] run data modify entity @s {} merge value {transformation:[-1f,1.21514256835141e-16f,-1.5227711989066623e-17f,-0.8125f,0f,-0.1243437046474849f,-0.9922392066001721f,1.9375f,-1.2246467991473532e-16f,-0.9922392066001721f,0.1243437046474849f,0.2968749999999999f,0f,0f,0f,1f],start_interpolation:0}
execute if entity @s[tag=aj.sully.bone.torso] run data modify entity @s {} merge value {transformation:[-1f,-5.118537985361231e-17f,1.11254908727031e-16f,-2.5513474982236505e-18f,0f,0.9084652718195237f,0.41796034488678335f,1.5f,-1.2246467991473532e-16f,0.41796034488678335f,-0.9084652718195237f,0.020833333333333315f,0f,0f,0f,1f],start_interpolation:0}