execute if entity @s[tag=aj.sully.bone.jaw] run data modify entity @s {} merge value {transformation:[-1f,-4.2051488809005776e-17f,1.1501856422145358e-16f,-0.12500000000000003f,0f,0.9391978511807157f,0.3433764644490449f,2.0345849278223125f,-1.2246467991473532e-16f,0.3433764644490449f,-0.9391978511807157f,0.36047416966912943f,0f,0f,0f,1f],start_interpolation:0}
execute if entity @s[tag=aj.sully.bone.h_head] run data modify entity @s {} merge value {transformation:[-1f,1.878505991630975e-17f,1.2101536824122476e-16f,-5.1664786839028965e-17f,0f,0.9881654720812594f,-0.15339165487868536f,2.046875f,-1.2246467991473532e-16f,-0.15339165487868536f,-0.9881654720812594f,0.421875f,0f,0f,0f,1f],start_interpolation:0}
execute if entity @s[tag=aj.sully.bone.left_arm] run data modify entity @s {} merge value {transformation:[-1f,4.313818936862402e-17f,-1.146154197506396e-16f,0.6874999999999999f,0f,-0.9359059267573255f,-0.3522500479212334f,1.9375f,-1.2246467991473532e-16f,-0.3522500479212334f,0.9359059267573255f,0.4726562500000001f,0f,0f,0f,1f],start_interpolation:0}
execute if entity @s[tag=aj.sully.bone.right_arm] run data modify entity @s {} merge value {transformation:[-1f,1.0449799469324425e-16f,-6.385739527814511e-17f,-0.8125f,0f,-0.5214352033794978f,-0.8532908816321557f,1.9375f,-1.2246467991473532e-16f,-0.8532908816321557f,0.5214352033794978f,0.3554687499999999f,0f,0f,0f,1f],start_interpolation:0}
execute if entity @s[tag=aj.sully.bone.torso] run data modify entity @s {} merge value {transformation:[-1f,-6.285829669513633e-17f,1.0510200932049201e-16f,-5.102694996447304e-18f,0f,0.8582230353573628f,0.5132769443312205f,1.5f,-1.2246467991473532e-16f,0.5132769443312205f,-0.8582230353573628f,0.04166666666666666f,0f,0f,0f,1f],start_interpolation:0}