execute if entity @s[tag=aj.sully.bone.jaw] run data modify entity @s {} merge value {transformation:[-1f,-3.06627070535773e-17f,1.1856389088911126e-16f,-0.12500000000000003f,0f,0.9681476403781079f,0.25038000405444144f,2.0869587014593622f,-1.2246467991473532e-16f,0.25038000405444144f,-0.9681476403781079f,0.23738358972806706f,0f,0f,0f,1f],start_interpolation:0}
execute if entity @s[tag=aj.sully.bone.h_head] run data modify entity @s {} merge value {transformation:[-1f,-4.273955692857142e-18f,1.2239007774061617e-16f,-3.6739403974420595e-17f,0f,0.9993908270190958f,0.03489949670250097f,2.0875f,-1.2246467991473532e-16f,0.03489949670250097f,-0.9993908270190958f,0.3f,0f,0f,0f,1f],start_interpolation:0}
execute if entity @s[tag=aj.sully.bone.left_arm] run data modify entity @s {} merge value {transformation:[-1f,4.653588772531818e-17f,1.1327845770593435e-16f,0.6875f,0f,0.9249888031782162f,-0.37999436047779883f,1.9375f,-1.2246467991473532e-16f,-0.37999436047779883f,-0.9249888031782162f,0.1500000000000001f,0f,0f,0f,1f],start_interpolation:0}
execute if entity @s[tag=aj.sully.bone.right_arm] run data modify entity @s {} merge value {transformation:[-1f,4.7194123827111375e-17f,1.13005807385328e-16f,-0.8125f,0f,0.9227624443554423f,-0.38536926614244826f,1.9375f,-1.2246467991473532e-16f,-0.38536926614244826f,-0.9227624443554423f,0.12499999999999989f,0f,0f,0f,1f],start_interpolation:0}
execute if entity @s[tag=aj.sully.bone.torso] run data modify entity @s {} merge value {transformation:[-1f,-1.4924690131530345e-17f,1.2155184676135683e-16f,1.5308084989341912e-18f,0f,0.992546151641322f,0.12186934340514746f,1.5f,-1.2246467991473532e-16f,0.12186934340514746f,-0.992546151641322f,-0.012499999999999997f,0f,0f,0f,1f],start_interpolation:0}