execute if entity @s[tag=aj.sully.bone.jaw] run data modify entity @s {} merge value {transformation:[-1f,-2.6506208041798655e-17f,1.195617780139768e-16f,-0.12500000000000008f,0f,0.9762960071199334f,0.21643961393810288f,1.9347737500000002f,-1.2246467991473532e-16f,0.21643961393810288f,-0.9762960071199334f,0.687440625f,0f,0f,0f,1f],start_interpolation:0}
execute if entity @s[tag=aj.sully.bone.h_head] run data modify entity @s {} merge value {transformation:[-1f,0f,1.2246467991473532e-16f,-9.184850993605148e-17f,0f,1f,0f,1.9375f,-1.2246467991473532e-16f,0f,-1f,0.75f,0f,0f,0f,1f],start_interpolation:0}
execute if entity @s[tag=aj.sully.bone.left_arm] run data modify entity @s {} merge value {transformation:[-1f,1.1381224708398958e-16f,-4.5214712653200487e-17f,0.6874999999999999f,0f,-0.3692061473126842f,-0.9293475242268227f,1.9375f,-1.2246467991473532e-16f,-0.9293475242268227f,0.3692061473126842f,0.5000000000000001f,0f,0f,0f,1f],start_interpolation:0}
execute if entity @s[tag=aj.sully.bone.right_arm] run data modify entity @s {} merge value {transformation:[-1f,1.1244904162164717e-16f,-4.850578176868857e-17f,-0.8125f,0f,-0.3960797660391566f,-0.9182161068802741f,1.9375f,-1.2246467991473532e-16f,-0.9182161068802741f,0.3960797660391566f,0.3749999999999999f,0f,0f,0f,1f],start_interpolation:0}
execute if entity @s[tag=aj.sully.bone.torso] run data modify entity @s {} merge value {transformation:[-1f,-7.024285468436541e-17f,1.0031719290535247e-16f,-2.296212748401287e-17f,0f,0.8191520442889918f,0.573576436351046f,1.5f,-1.2246467991473532e-16f,0.573576436351046f,-0.8191520442889918f,0.1875f,0f,0f,0f,1f],start_interpolation:0}