execute if entity @s[tag=aj.sully.bone.jaw] run data modify entity @s {} merge value {transformation:[-1f,-3.4269170634161413e-17f,1.1757219811956103e-16f,-0.12500000000000006f,0f,0.9600498543859287f,0.27982901403099203f,2.0033157311452627f,-1.2246467991473532e-16f,0.27982901403099203f,-0.9600498543859287f,0.4398814383652301f,0f,0f,0f,1f],start_interpolation:0}
execute if entity @s[tag=aj.sully.bone.h_head] run data modify entity @s {} merge value {transformation:[-1f,2.910812672397303e-17f,1.1895509566739756e-16f,-6.123233995736765e-17f,0f,0.9713420698132614f,-0.23768589232617304f,2.0208333333333335f,-1.2246467991473532e-16f,-0.23768589232617304f,-0.9713420698132614f,0.49999999999999994f,0f,0f,0f,1f],start_interpolation:0}
execute if entity @s[tag=aj.sully.bone.left_arm] run data modify entity @s {} merge value {transformation:[-1f,6.104360432503758e-18f,-1.2231244666970182e-16f,0.6874999999999999f,0f,-0.9987569212189222f,-0.04984588566069704f,1.9375f,-1.2246467991473532e-16f,-0.04984588566069704f,0.9987569212189222f,0.5000000000000001f,0f,0f,0f,1f],start_interpolation:0}
execute if entity @s[tag=aj.sully.bone.right_arm] run data modify entity @s {} merge value {transformation:[-1f,3.803721488696599e-17f,-1.1640776653755258e-16f,-0.8125f,0f,-0.9505415489478288f,-0.31059743032398385f,1.9375f,-1.2246467991473532e-16f,-0.31059743032398385f,0.9505415489478288f,0.3749999999999999f,0f,0f,0f,1f],start_interpolation:0}
execute if entity @s[tag=aj.sully.bone.torso] run data modify entity @s {} merge value {transformation:[-1f,-7.024285468436541e-17f,1.0031719290535247e-16f,-9.354940826820057e-18f,0f,0.8191520442889918f,0.573576436351046f,1.5f,-1.2246467991473532e-16f,0.573576436351046f,-0.8191520442889918f,0.07638888888888887f,0f,0f,0f,1f],start_interpolation:0}