execute if entity @s[tag=aj.sully.bone.jaw] run data modify entity @s {} merge value {transformation:[-1f,-2.962688750897932e-17f,1.1882695554102554e-16f,-0.12500000000000003f,0f,0.9702957262759965f,0.24192189559966773f,2.048912297743333f,-1.2246467991473532e-16f,0.24192189559966773f,-0.9702957262759965f,0.3498906976300329f,0f,0f,0f,1f],start_interpolation:0}
execute if entity @s[tag=aj.sully.bone.h_head] run data modify entity @s {} merge value {transformation:[-1f,-3.2057515956682574e-18f,1.2242271432755217e-16f,-5.051668046482832e-17f,0f,0.9996573249755573f,0.02617694830787315f,2.05f,-1.2246467991473532e-16f,0.02617694830787315f,-0.9996573249755573f,0.4125f,0f,0f,0f,1f],start_interpolation:0}
execute if entity @s[tag=aj.sully.bone.left_arm] run data modify entity @s {} merge value {transformation:[-1f,8.609035018375581e-17f,8.709793012383745e-17f,0.6875f,0f,0.7112085720101373f,-0.7029810574256615f,1.9375f,-1.2246467991473532e-16f,-0.7029810574256615f,-0.7112085720101373f,0.23750000000000016f,0f,0f,0f,1f],start_interpolation:0}
execute if entity @s[tag=aj.sully.bone.right_arm] run data modify entity @s {} merge value {transformation:[-1f,8.709793012383743e-17f,8.609035018375583e-17f,-0.8125f,0f,0.7029810574256616f,-0.7112085720101372f,1.9375f,-1.2246467991473532e-16f,-0.7112085720101372f,-0.7029810574256616f,0.1874999999999999f,0f,0f,0f,1f],start_interpolation:0}
execute if entity @s[tag=aj.sully.bone.torso] run data modify entity @s {} merge value {transformation:[-1f,-2.962688750897932e-17f,1.1882695554102554e-16f,-4.592425496802575e-18f,0f,0.9702957262759965f,0.24192189559966767f,1.5f,-1.2246467991473532e-16f,0.24192189559966767f,-0.9702957262759965f,0.037500000000000006f,0f,0f,0f,1f],start_interpolation:0}