execute if entity @s[tag=aj.sully.bone.jaw] run data modify entity @s {} merge value {transformation:[-1f,-3.1753115635944383e-17f,1.1827652968374123e-16f,-0.12500000000000003f,0f,0.9658011580652475f,0.25928386583014906f,2.093025710968621f,-1.2246467991473532e-16f,0.25928386583014906f,-0.9658011580652475f,0.20328791768673452f,0f,0f,0f,1f],start_interpolation:0}
execute if entity @s[tag=aj.sully.bone.h_head] run data modify entity @s {} merge value {transformation:[-1f,6.28374497159644e-18f,1.223033620786874e-16f,-3.252968060235158e-17f,0f,0.998682739903781f,-0.05131067158278965f,2.098958333333333f,-1.2246467991473532e-16f,-0.05131067158278965f,-0.998682739903781f,0.26562500000000006f,0f,0f,0f,1f],start_interpolation:0}
execute if entity @s[tag=aj.sully.bone.left_arm] run data modify entity @s {} merge value {transformation:[-1f,9.796520004387938e-17f,7.348753232338988e-17f,0.6875f,0f,0.6000712399244807f,-0.7999465651001298f,1.9375f,-1.2246467991473532e-16f,-0.7999465651001298f,-0.6000712399244807f,0.19921875000000017f,0f,0f,0f,1f],start_interpolation:0}
execute if entity @s[tag=aj.sully.bone.right_arm] run data modify entity @s {} merge value {transformation:[-1f,7.949574285708364e-17f,9.315591604519282e-17f,-0.8125f,0f,0.7606757810501085f,-0.649132002079552f,1.9375f,-1.2246467991473532e-16f,-0.649132002079552f,-0.7606757810501085f,0.16015624999999992f,0f,0f,0f,1f],start_interpolation:0}
execute if entity @s[tag=aj.sully.bone.torso] run data modify entity @s {} merge value {transformation:[-1f,-2.188458552941624e-17f,1.204934136906422e-16f,3.4017966642982016e-18f,0f,0.9839033897327328f,0.1787012022131862f,1.5f,-1.2246467991473532e-16f,0.1787012022131862f,-0.9839033897327328f,-0.027777777777777762f,0f,0f,0f,1f],start_interpolation:0}