execute if entity @s[tag=aj.sully.bone.jaw] run data modify entity @s {} merge value {transformation:[-1f,-3.0145084240753677e-17f,1.186965531207054e-16f,-0.12500000000000003f,0f,0.9692309097067544f,0.24615329302899303f,2.0679354918478174f,-1.2246467991473532e-16f,0.24615329302899303f,-0.9692309097067544f,0.2936365476441112f,0f,0f,0f,1f],start_interpolation:0}
execute if entity @s[tag=aj.sully.bone.h_head] run data modify entity @s {} merge value {transformation:[-1f,-3.739889245312848e-18f,1.2240756126584407e-16f,-4.362804221962445e-17f,0f,0.9995335908367129f,0.030538513209822656f,2.06875f,-1.2246467991473532e-16f,0.030538513209822656f,-0.9995335908367129f,0.35624999999999996f,0f,0f,0f,1f],start_interpolation:0}
execute if entity @s[tag=aj.sully.bone.left_arm] run data modify entity @s {} merge value {transformation:[-1f,6.759278623934516e-17f,1.0212156028489169e-16f,0.6875f,0f,0.8338858220671682f,-0.551936985312058f,1.9375f,-1.2246467991473532e-16f,-0.551936985312058f,-0.8338858220671682f,0.1937500000000001f,0f,0f,0f,1f],start_interpolation:0}
execute if entity @s[tag=aj.sully.bone.right_arm] run data modify entity @s {} merge value {transformation:[-1f,6.84813799341365e-17f,1.0152782096024234e-16f,-0.8125f,0f,0.8290375725550416f,-0.5591929034707469f,1.9375f,-1.2246467991473532e-16f,-0.5591929034707469f,-0.8290375725550416f,0.1562499999999999f,0f,0f,0f,1f],start_interpolation:0}
execute if entity @s[tag=aj.sully.bone.torso] run data modify entity @s {} merge value {transformation:[-1f,-2.2317415298489425e-17f,1.2041399752941237e-16f,-1.5308084989341912e-18f,0f,0.9832549075639546f,0.18223552549214744f,1.5f,-1.2246467991473532e-16f,0.18223552549214744f,-0.9832549075639546f,0.012499999999999997f,0f,0f,0f,1f],start_interpolation:0}