execute if entity @s[tag=aj.sully.bone.jaw] run data modify entity @s {} merge value {transformation:[-1f,-3.2727262187357386e-17f,1.1801069500828535e-16f,-0.12500000000000006f,0f,0.9636304532086231f,0.2672383760782569f,1.9837962956204938f,-1.2246467991473532e-16f,0.2672383760782569f,-0.9636304532086231f,0.4880308628201836f,0f,0f,0f,1f],start_interpolation:0}
execute if entity @s[tag=aj.sully.bone.h_head] run data modify entity @s {} merge value {transformation:[-1f,3.6825839484795376e-17f,1.16796641102639e-16f,-6.697287182837088e-17f,0f,0.9537169507482269f,-0.30070579950427306f,2.0052083333333335f,-1.2246467991473532e-16f,-0.30070579950427306f,-0.9537169507482269f,0.546875f,0f,0f,0f,1f],start_interpolation:0}
execute if entity @s[tag=aj.sully.bone.left_arm] run data modify entity @s {} merge value {transformation:[-1f,-5.3418343117727564e-18f,-1.223481206754078e-16f,0.6874999999999999f,0f,-0.9990482215818579f,0.04361938736533627f,1.9375f,-1.2246467991473532e-16f,0.04361938736533627f,0.9990482215818579f,0.5000000000000001f,0f,0f,0f,1f],start_interpolation:0}
execute if entity @s[tag=aj.sully.bone.right_arm] run data modify entity @s {} merge value {transformation:[-1f,1.0673500138322975e-17f,-1.2199866483456204e-16f,-0.8125f,0f,-0.9961946980917458f,-0.0871557427476582f,1.9375f,-1.2246467991473532e-16f,-0.0871557427476582f,0.9961946980917458f,0.3749999999999999f,0f,0f,0f,1f],start_interpolation:0}
execute if entity @s[tag=aj.sully.bone.torso] run data modify entity @s {} merge value {transformation:[-1f,-7.024285468436541e-17f,1.0031719290535247e-16f,-1.1906288325043709e-17f,0f,0.8191520442889918f,0.573576436351046f,1.5f,-1.2246467991473532e-16f,0.573576436351046f,-0.8191520442889918f,0.09722222222222221f,0f,0f,0f,1f],start_interpolation:0}