execute if entity @s[tag=aj.sully.bone.jaw] run data modify entity @s {} merge value {transformation:[-1f,-3.070835177122019e-17f,1.1855207698776759e-16f,-0.12500000000000003f,0f,0.9680511725528386f,0.250752721458959f,2.098874338265732f,-1.2246467991473532e-16f,0.250752721458959f,-0.9680511725528386f,0.18760529590141645f,0f,0f,0f,1f],start_interpolation:0}
execute if entity @s[tag=aj.sully.bone.h_head] run data modify entity @s {} merge value {transformation:[-1f,5.0277909525060546e-18f,1.2236142833735013e-16f,-3.061616997868382e-17f,0f,0.9991568868880638f,-0.04105502873160326f,2.104166666666667f,-1.2246467991473532e-16f,-0.04105502873160326f,-0.9991568868880638f,0.2499999999999999f,0f,0f,0f,1f],start_interpolation:0}
execute if entity @s[tag=aj.sully.bone.left_arm] run data modify entity @s {} merge value {transformation:[-1f,8.273593852918132e-17f,9.029043306084042e-17f,0.6875f,0f,0.7372773368101246f,-0.6755902076156595f,1.9375f,-1.2246467991473532e-16f,-0.6755902076156595f,-0.7372773368101246f,0.17187499999999992f,0f,0f,0f,1f],start_interpolation:0}
execute if entity @s[tag=aj.sully.bone.right_arm] run data modify entity @s {} merge value {transformation:[-1f,6.558547852011894e-17f,1.0342215833130535e-16f,-0.8125f,0f,0.8445060110663082f,-0.535546073902958f,1.9375f,-1.2246467991473532e-16f,-0.535546073902958f,-0.8445060110663082f,0.14062499999999978f,0f,0f,0f,1f],start_interpolation:0}
execute if entity @s[tag=aj.sully.bone.torso] run data modify entity @s {} merge value {transformation:[-1f,-1.7541670199187328e-17f,1.2120184665772019e-16f,4.252245830372759e-18f,0f,0.9896881839082553f,0.14323860733887128f,1.5f,-1.2246467991473532e-16f,0.14323860733887128f,-0.9896881839082553f,-0.034722222222222265f,0f,0f,0f,1f],start_interpolation:0}