execute if entity @s[tag=aj.sully.bone.jaw] run data modify entity @s {} merge value {transformation:[-1f,-3.2795407743222265e-17f,1.1799177538105938e-16f,-0.12500000000000003f,0f,0.9634759627282729f,0.2677948267700998f,2.087177708987858f,-1.2246467991473532e-16f,0.2677948267700998f,-0.9634759627282729f,0.2189771099891386f,0f,0f,0f,1f],start_interpolation:0}
execute if entity @s[tag=aj.sully.bone.h_head] run data modify entity @s {} merge value {transformation:[-1f,7.539036664954371e-18f,1.2223240467561394e-16f,-3.444319122601931e-17f,0f,0.9981033287370441f,-0.0615609061339428f,2.09375f,-1.2246467991473532e-16f,-0.0615609061339428f,-0.9981033287370441f,0.28125f,0f,0f,0f,1f],start_interpolation:0}
execute if entity @s[tag=aj.sully.bone.left_arm] run data modify entity @s {} merge value {transformation:[-1f,1.098352332160518e-16f,5.4164742877577547e-17f,0.6875f,0f,0.4422886902190015f,-0.8968727415326881f,1.9375f,-1.2246467991473532e-16f,-0.8968727415326881f,-0.4422886902190015f,0.22656250000000006f,0f,0f,0f,1f],start_interpolation:0}
execute if entity @s[tag=aj.sully.bone.right_arm] run data modify entity @s {} merge value {transformation:[-1f,9.182171502752875e-17f,8.103314430541294e-17f,-0.8125f,0f,0.6616858375968595f,-0.7497812029677341f,1.9375f,-1.2246467991473532e-16f,-0.7497812029677341f,-0.6616858375968595f,0.17968749999999986f,0f,0f,0f,1f],start_interpolation:0}
execute if entity @s[tag=aj.sully.bone.torso] run data modify entity @s {} merge value {transformation:[-1f,-2.619924655805614e-17f,1.1962941655967715e-16f,2.5513474982236535e-18f,0f,0.9768483177596007f,0.21393308320649737f,1.5f,-1.2246467991473532e-16f,0.21393308320649737f,-0.9768483177596007f,-0.020833333333333343f,0f,0f,0f,1f],start_interpolation:0}