execute if entity @s[tag=aj.sully.bone.jaw] run data modify entity @s {} merge value {transformation:[-1f,-3.4781848280039106e-17f,1.1742155192656467e-16f,-0.12500000000000008f,0f,0.958819734868193f,0.28401534470392253f,1.9397483820770398f,-1.2246467991473532e-16f,0.28401534470392253f,-0.958819734868193f,0.6566662906527325f,0f,0f,0f,1f],start_interpolation:0}
execute if entity @s[tag=aj.sully.bone.h_head] run data modify entity @s {} merge value {transformation:[-1f,1.0673500138322972e-17f,1.2199866483456202e-16f,-8.802148868871601e-17f,0f,0.9961946980917455f,-0.08715574274765817f,1.9479166666666665f,-1.2246467991473532e-16f,-0.08715574274765817f,-0.9961946980917455f,0.71875f,0f,0f,0f,1f],start_interpolation:0}
execute if entity @s[tag=aj.sully.bone.left_arm] run data modify entity @s {} merge value {transformation:[-1f,8.809371839840256e-17f,-8.507111498835271e-17f,0.6874999999999999f,0f,-0.694658370458997f,-0.7193398003386514f,1.9375f,-1.2246467991473532e-16f,-0.7193398003386514f,0.694658370458997f,0.5000000000000001f,0f,0f,0f,1f],start_interpolation:0}
execute if entity @s[tag=aj.sully.bone.right_arm] run data modify entity @s {} merge value {transformation:[-1f,8.507111498835272e-17f,-8.809371839840255e-17f,-0.8125f,0f,-0.7193398003386513f,-0.6946583704589971f,1.9375f,-1.2246467991473532e-16f,-0.6946583704589971f,0.7193398003386513f,0.3749999999999999f,0f,0f,0f,1f],start_interpolation:0}
execute if entity @s[tag=aj.sully.bone.torso] run data modify entity @s {} merge value {transformation:[-1f,-7.024285468436541e-17f,1.0031719290535247e-16f,-2.1261229151863766e-17f,0f,0.8191520442889918f,0.573576436351046f,1.5f,-1.2246467991473532e-16f,0.573576436351046f,-0.8191520442889918f,0.1736111111111111f,0f,0f,0f,1f],start_interpolation:0}