execute if entity @s[tag=aj.sully.bone.jaw] run data modify entity @s {} merge value {transformation:[-1f,-2.8068952510645656e-17f,1.1920457932300123e-16f,-0.12500000000000006f,0f,0.9733792584604484f,0.22920039092241415f,1.9918428604823974f,-1.2246467991473532e-16f,0.22920039092241415f,-0.9733792584604484f,0.5186602991034985f,0f,0f,0f,1f],start_interpolation:0}
execute if entity @s[tag=aj.sully.bone.h_head] run data modify entity @s {} merge value {transformation:[-1f,-1.6030131318580337e-18f,1.2245418806850857e-16f,-7.118259520043991e-17f,0f,0.999914327574007f,0.01308959557134444f,1.99375f,-1.2246467991473532e-16f,0.01308959557134444f,-0.999914327574007f,0.58125f,0f,0f,0f,1f],start_interpolation:0}
execute if entity @s[tag=aj.sully.bone.left_arm] run data modify entity @s {} merge value {transformation:[-1f,1.1986209141450275e-16f,2.511328071678337e-17f,0.6875f,0f,0.20506549916488748f,-0.978748252132414f,1.9375f,-1.2246467991473532e-16f,-0.978748252132414f,-0.20506549916488748f,0.3687500000000001f,0f,0f,0f,1f],start_interpolation:0}
execute if entity @s[tag=aj.sully.bone.right_arm] run data modify entity @s {} merge value {transformation:[-1f,1.203485694445026e-16f,2.2667590504513533e-17f,-0.8125f,0f,0.18509492304471453f,-0.9827206467064132f,1.9375f,-1.2246467991473532e-16f,-0.9827206467064132f,-0.18509492304471453f,0.2812499999999999f,0f,0f,0f,1f],start_interpolation:0}
execute if entity @s[tag=aj.sully.bone.torso] run data modify entity @s {} merge value {transformation:[-1f,-5.0785275224699974e-17f,1.1143811577270162e-16f,-1.3777276490407722e-17f,0f,0.9099612708765432f,0.414693242656239f,1.5f,-1.2246467991473532e-16f,0.414693242656239f,-0.9099612708765432f,0.11249999999999999f,0f,0f,0f,1f],start_interpolation:0}