execute if entity @s[tag=aj.sully.bone.jaw] run data modify entity @s {} merge value {transformation:[-1f,-4.288803484971835e-17f,1.147092598413394e-16f,-0.12500000000000008f,0f,0.9366721892483976f,0.3502073812594675f,1.9447851797319518f,-1.2246467991473532e-16f,0.3502073812594675f,-0.9366721892483976f,0.6263644508207663f,0f,0f,0f,1f],start_interpolation:0}
execute if entity @s[tag=aj.sully.bone.h_head] run data modify entity @s {} merge value {transformation:[-1f,2.126576849575771e-17f,1.2060416625018976e-16f,-8.419446744138054e-17f,0f,0.984807753012208f,-0.1736481776669303f,1.9583333333333333f,-1.2246467991473532e-16f,-0.1736481776669303f,-0.984807753012208f,0.6875f,0f,0f,0f,1f],start_interpolation:0}
execute if entity @s[tag=aj.sully.bone.left_arm] run data modify entity @s {} merge value {transformation:[-1f,4.9159159213724793e-17f,-1.1216494502302505e-16f,0.6874999999999999f,0f,-0.9158962821045109f,-0.40141499776058953f,1.9375f,-1.2246467991473532e-16f,-0.40141499776058953f,0.9158962821045109f,0.5000000000000001f,0f,0f,0f,1f],start_interpolation:0}
execute if entity @s[tag=aj.sully.bone.right_arm] run data modify entity @s {} merge value {transformation:[-1f,4.4551818399743395e-17f,-1.1407336807465128e-16f,-0.8125f,0f,-0.9314797389261427f,-0.36379320495315143f,1.9375f,-1.2246467991473532e-16f,-0.36379320495315143f,0.9314797389261427f,0.3749999999999999f,0f,0f,0f,1f],start_interpolation:0}
execute if entity @s[tag=aj.sully.bone.torso] run data modify entity @s {} merge value {transformation:[-1f,-7.024285468436541e-17f,1.0031719290535247e-16f,-1.9560330819714673e-17f,0f,0.8191520442889918f,0.573576436351046f,1.5f,-1.2246467991473532e-16f,0.573576436351046f,-0.8191520442889918f,0.15972222222222224f,0f,0f,0f,1f],start_interpolation:0}