execute if entity @s[tag=aj.sully.bone.jaw] run data modify entity @s {} merge value {transformation:[-1f,-2.7560043831840947e-17f,1.1932326600711861e-16f,-0.125f,0f,0.9743484087836273f,0.22504483620117507f,2.1164232968790744f,-1.2246467991473532e-16f,0.22504483620117507f,-0.9743484087836273f,0.1405969109165556f,0f,0f,0f,1f],start_interpolation:0}
execute if entity @s[tag=aj.sully.bone.h_head] run data modify entity @s {} merge value {transformation:[-1f,1.2572790197066256e-18f,1.2245822584083596e-16f,-2.487563810768061e-17f,0f,0.9999472984871731f,-0.01026646230228987f,2.119791666666667f,-1.2246467991473532e-16f,-0.01026646230228987f,-0.9999472984871731f,0.203125f,0f,0f,0f,1f],start_interpolation:0}
execute if entity @s[tag=aj.sully.bone.left_arm] run data modify entity @s {} merge value {transformation:[-1f,2.2580064568900836e-17f,1.20365021956891e-16f,0.6875f,0f,0.9828549916653013f,-0.18438021954266287f,1.9375f,-1.2246467991473532e-16f,-0.18438021954266287f,-0.9828549916653013f,0.08984374999999997f,0f,0f,0f,1f],start_interpolation:0}
execute if entity @s[tag=aj.sully.bone.right_arm] run data modify entity @s {} merge value {transformation:[-1f,1.7245347598151947e-17f,1.2124436404566396e-16f,-0.8125f,0f,0.9900353647278465f,-0.14081894967723615f,1.9375f,-1.2246467991473532e-16f,-0.14081894967723615f,-0.9900353647278465f,0.08203124999999983f,0f,0f,0f,1f],start_interpolation:0}
execute if entity @s[tag=aj.sully.bone.torso] run data modify entity @s {} merge value {transformation:[-1f,-4.399606937638709e-18f,1.223856253218198e-16f,6.8035933285964094e-18f,0f,0.9993544702605636f,0.03592551697927833f,1.5f,-1.2246467991473532e-16f,0.03592551697927833f,-0.9993544702605636f,-0.05555555555555558f,0f,0f,0f,1f],start_interpolation:0}