execute if entity @s[tag=aj.sully.bone.jaw] run data modify entity @s {} merge value {transformation:[-1f,-3.682583948479537e-17f,1.16796641102639e-16f,-0.12500000000000006f,0f,0.9537169507482269f,0.3007057995042731f,2.0098397127040473f,-1.2246467991473532e-16f,0.3007057995042731f,-0.9537169507482269f,0.42388860047708005f,0f,0f,0f,1f],start_interpolation:0}
execute if entity @s[tag=aj.sully.bone.h_head] run data modify entity @s {} merge value {transformation:[-1f,2.6506208041798646e-17f,1.195617780139768e-16f,-5.931882933369991e-17f,0f,0.9762960071199334f,-0.21643961393810282f,2.026041666666667f,-1.2246467991473532e-16f,-0.21643961393810282f,-0.9762960071199334f,0.48437499999999994f,0f,0f,0f,1f],start_interpolation:0}
execute if entity @s[tag=aj.sully.bone.left_arm] run data modify entity @s {} merge value {transformation:[-1f,9.912841142134809e-18f,-1.220628256559276e-16f,0.6874999999999999f,0f,-0.9967186109571551f,-0.08094449068120306f,1.9375f,-1.2246467991473532e-16f,-0.08094449068120306f,0.9967186109571551f,0.5000000000000001f,0f,0f,0f,1f],start_interpolation:0}
execute if entity @s[tag=aj.sully.bone.right_arm] run data modify entity @s {} merge value {transformation:[-1f,5.405060733194002e-17f,-1.0989144495212994e-16f,-0.8125f,0f,-0.8973317451908636f,-0.4413567027617445f,1.9375f,-1.2246467991473532e-16f,-0.4413567027617445f,0.8973317451908636f,0.3749999999999999f,0f,0f,0f,1f],start_interpolation:0}
execute if entity @s[tag=aj.sully.bone.torso] run data modify entity @s {} merge value {transformation:[-1f,-7.024285468436541e-17f,1.0031719290535247e-16f,-8.504491660745504e-18f,0f,0.8191520442889918f,0.573576436351046f,1.5f,-1.2246467991473532e-16f,0.573576436351046f,-0.8191520442889918f,0.06944444444444442f,0f,0f,0f,1f],start_interpolation:0}