execute if entity @s[tag=aj.sully.bone.jaw] run data modify entity @s {} merge value {transformation:[-1f,-2.9108126723973034e-17f,1.1895509566739756e-16f,-0.12500000000000006f,0f,0.9713420698132614f,0.2376858923261731f,2.0298891243471324f,-1.2246467991473532e-16f,0.2376858923261731f,-0.9713420698132614f,0.40614603960682233f,0f,0f,0f,1f],start_interpolation:0}
execute if entity @s[tag=aj.sully.bone.h_head] run data modify entity @s {} merge value {transformation:[-1f,-2.6715529131342774e-18f,1.22435536637248e-16f,-5.740531871003219e-17f,0f,0.9997620270799091f,0.02181488503456112f,2.03125f,-1.2246467991473532e-16f,0.02181488503456112f,-0.9997620270799091f,0.46875f,0f,0f,0f,1f],start_interpolation:0}
execute if entity @s[tag=aj.sully.bone.left_arm] run data modify entity @s {} merge value {transformation:[-1f,1.0132818743846529e-16f,6.877642224668149e-17f,0.6875f,0f,0.5616021067834931f,-0.8274074411415105f,1.9375f,-1.2246467991473532e-16f,-0.8274074411415105f,-0.5616021067834931f,0.2812500000000001f,0f,0f,0f,1f],start_interpolation:0}
execute if entity @s[tag=aj.sully.bone.right_arm] run data modify entity @s {} merge value {transformation:[-1f,1.02317747397348e-16f,6.729544110971458e-17f,-0.8125f,0f,0.5495089780708061f,-0.8354878114129364f,1.9375f,-1.2246467991473532e-16f,-0.8354878114129364f,-0.5495089780708061f,0.2187499999999999f,0f,0f,0f,1f],start_interpolation:0}
execute if entity @s[tag=aj.sully.bone.torso] run data modify entity @s {} merge value {transformation:[-1f,-3.6825839484795376e-17f,1.16796641102639e-16f,-7.654042494670958e-18f,0f,0.9537169507482269f,0.30070579950427306f,1.5f,-1.2246467991473532e-16f,0.30070579950427306f,-0.9537169507482269f,0.0625f,0f,0f,0f,1f],start_interpolation:0}