execute if entity @s[tag=aj.sully.bone.jaw] run data modify entity @s {} merge value {transformation:[-1f,-3.708056238650762e-17f,1.1671602169247758e-16f,-0.12500000000000006f,0f,0.953058643306297f,0.30278576984257455f,1.9792311134285943f,-1.2246467991473532e-16f,0.30278576984257455f,-0.953058643306297f,0.5034257992856678f,0f,0f,0f,1f],start_interpolation:0}
execute if entity @s[tag=aj.sully.bone.h_head] run data modify entity @s {} merge value {transformation:[-1f,3.5549620084119986e-17f,1.1719139191294432e-16f,-6.888638245203862e-17f,0f,0.9569403357322088f,-0.2902846772544624f,2f,-1.2246467991473532e-16f,-0.2902846772544624f,-0.9569403357322088f,0.5625f,0f,0f,0f,1f],start_interpolation:0}
execute if entity @s[tag=aj.sully.bone.left_arm] run data modify entity @s {} merge value {transformation:[-1f,-1.335855933315702e-18f,-1.2245739387862214e-16f,0.6874999999999999f,0f,-0.9999405050001497f,0.01090809149418246f,1.9375f,-1.2246467991473532e-16f,0.01090809149418246f,0.9999405050001497f,0.5000000000000001f,0f,0f,0f,1f],start_interpolation:0}
execute if entity @s[tag=aj.sully.bone.right_arm] run data modify entity @s {} merge value {transformation:[-1f,5.3418343117727325e-18f,-1.223481206754078e-16f,-0.8125f,0f,-0.9990482215818579f,-0.043619387365336076f,1.9375f,-1.2246467991473532e-16f,-0.043619387365336076f,0.9990482215818579f,0.3749999999999999f,0f,0f,0f,1f],start_interpolation:0}
execute if entity @s[tag=aj.sully.bone.torso] run data modify entity @s {} merge value {transformation:[-1f,-7.024285468436541e-17f,1.0031719290535247e-16f,-1.2756737491118258e-17f,0f,0.8191520442889918f,0.573576436351046f,1.5f,-1.2246467991473532e-16f,0.573576436351046f,-0.8191520442889918f,0.10416666666666663f,0f,0f,0f,1f],start_interpolation:0}