execute if entity @s[tag=aj.sully.bone.jaw] run data modify entity @s {} merge value {transformation:[-1f,-3.590664316896708e-17f,1.1708249571543582e-16f,-0.12500000000000003f,0f,0.956051130799127f,0.29319999198108937f,2.0696381288015764f,-1.2246467991473532e-16f,0.29319999198108937f,-0.956051130799127f,0.26608403887982957f,0f,0f,0f,1f],start_interpolation:0}
execute if entity @s[tag=aj.sully.bone.h_head] run data modify entity @s {} merge value {transformation:[-1f,1.1299615107931012e-17f,1.2194226718013404e-16f,-4.018372309702252e-17f,0f,0.9957341762950346f,-0.09226835946330195f,2.078125f,-1.2246467991473532e-16f,-0.09226835946330195f,-0.9957341762950346f,0.32812499999999994f,0f,0f,0f,1f],start_interpolation:0}
execute if entity @s[tag=aj.sully.bone.left_arm] run data modify entity @s {} merge value {transformation:[-1f,1.2187497900794394e-16f,-1.2003637716617204e-17f,0.6875f,0f,-0.09801714032955955f,-0.9951847266721968f,1.9375f,-1.2246467991473532e-16f,-0.9951847266721968f,0.09801714032955955f,0.30859375f,0f,0f,0f,1f],start_interpolation:0}
execute if entity @s[tag=aj.sully.bone.right_arm] run data modify entity @s {} merge value {transformation:[-1f,1.1702391779582524e-16f,3.609709808744347e-17f,-0.8125f,0f,0.29475517441090504f,-0.9555728057861405f,1.9375f,-1.2246467991473532e-16f,-0.9555728057861405f,-0.29475517441090504f,0.23828124999999983f,0f,0f,0f,1f],start_interpolation:0}
execute if entity @s[tag=aj.sully.bone.torso] run data modify entity @s {} merge value {transformation:[-1f,-3.891822447874692e-17f,1.1611619021497579e-16f,3.0814879110195774e-33f,0f,0.9481606475909659f,0.3177914195819015f,1.5f,-1.2246467991473532e-16f,0.3177914195819015f,-0.9481606475909659f,-2.7755575615628914e-17f,0f,0f,0f,1f],start_interpolation:0}