execute if entity @s[tag=aj.sully.bone.jaw] run data modify entity @s {} merge value {transformation:[-1f,-3.4872252343629805e-17f,1.1739473515920885e-16f,-0.12500000000000003f,0f,0.9586007593450097f,0.28475354990442325f,2.075483850594399f,-1.2246467991473532e-16f,0.28475354990442325f,-0.9586007593450097f,0.2503751783891149f,0f,0f,0f,1f],start_interpolation:0}
execute if entity @s[tag=aj.sully.bone.h_head] run data modify entity @s {} merge value {transformation:[-1f,1.0047103912059859e-17f,1.2205184771071206e-16f,-3.827021247335479e-17f,0f,0.9966289692316944f,-0.08204082939713755f,2.0833333333333335f,-1.2246467991473532e-16f,-0.08204082939713755f,-0.9966289692316944f,0.3125f,0f,0f,0f,1f],start_interpolation:0}
execute if entity @s[tag=aj.sully.bone.left_arm] run data modify entity @s {} merge value {transformation:[-1f,1.21998664834562e-16f,1.0673500138323009e-17f,0.6875f,0f,0.08715574274765847f,-0.9961946980917454f,1.9375f,-1.2246467991473532e-16f,-0.9961946980917454f,-0.08715574274765847f,0.2812500000000001f,0f,0f,0f,1f],start_interpolation:0}
execute if entity @s[tag=aj.sully.bone.right_arm] run data modify entity @s {} merge value {transformation:[-1f,1.1077466169780143e-16f,5.2216588861742226e-17f,-0.8125f,0f,0.42638080545425383f,-0.9045437572280192f,1.9375f,-1.2246467991473532e-16f,-0.9045437572280192f,-0.42638080545425383f,0.2187499999999999f,0f,0f,0f,1f],start_interpolation:0}
execute if entity @s[tag=aj.sully.bone.torso] run data modify entity @s {} merge value {transformation:[-1f,-3.472156744430259e-17f,1.1743939109527657e-16f,8.504491660745512e-19f,0f,0.9589654027352412f,0.2835231143255108f,1.5f,-1.2246467991473532e-16f,0.2835231143255108f,-0.9589654027352412f,-0.0069444444444444475f,0f,0f,0f,1f],start_interpolation:0}