execute if entity @s[tag=aj.sully.bone.jaw] run data modify entity @s {} merge value {transformation:[-1f,-4.103506843383363e-17f,1.1538509862737547e-16f,-0.12500000000000003f,0f,0.9421908317378617f,0.3350767622338444f,2.0404242781709634f,-1.2246467991473532e-16f,0.3350767622338444f,-0.9421908317378617f,0.34472623002307196f,0f,0f,0f,1f],start_interpolation:0}
execute if entity @s[tag=aj.sully.bone.h_head] run data modify entity @s {} merge value {transformation:[-1f,1.7541670199187353e-17f,1.2120184665772019e-16f,-4.975127621536121e-17f,0f,0.9896881839082553f,-0.14323860733887148f,2.0520833333333335f,-1.2246467991473532e-16f,-0.14323860733887148f,-0.9896881839082553f,0.4062499999999999f,0f,0f,0f,1f],start_interpolation:0}
execute if entity @s[tag=aj.sully.bone.left_arm] run data modify entity @s {} merge value {transformation:[-1f,6.353140100895265e-17f,-1.0469650859726998e-16f,0.6874999999999999f,0f,-0.8549118706729464f,-0.5187732581605218f,1.9375f,-1.2246467991473532e-16f,-0.5187732581605218f,0.8549118706729464f,0.4453125000000001f,0f,0f,0f,1f],start_interpolation:0}
execute if entity @s[tag=aj.sully.bone.right_arm] run data modify entity @s {} merge value {transformation:[-1f,1.1244904162164717e-16f,-4.8505781768688544e-17f,-0.8125f,0f,-0.3960797660391564f,-0.9182161068802742f,1.9375f,-1.2246467991473532e-16f,-0.9182161068802742f,0.3960797660391564f,0.33593749999999983f,0f,0f,0f,1f],start_interpolation:0}
execute if entity @s[tag=aj.sully.bone.torso] run data modify entity @s {} merge value {transformation:[-1f,-5.904187577484968e-17f,1.0729237965301075e-16f,-4.25224583037275e-18f,0f,0.8761087664436136f,0.48211350257034874f,1.5f,-1.2246467991473532e-16f,0.48211350257034874f,-0.8761087664436136f,0.03472222222222218f,0f,0f,0f,1f],start_interpolation:0}