execute if entity @s[tag=aj.sully.bone.jaw] run data modify entity @s {} merge value {transformation:[-1f,-3.1179746092657956e-17f,1.1842897137194073e-16f,-0.12500000000000003f,0f,0.9670459389139431f,0.25460194820552756f,2.1059819213764515f,-1.2246467991473532e-16f,0.25460194820552756f,-0.9670459389139431f,0.18113182393821486f,0f,0f,0f,1f],start_interpolation:0}
execute if entity @s[tag=aj.sully.bone.h_head] run data modify entity @s {} merge value {transformation:[-1f,-4.807940770445818e-18f,1.223702640847296e-16f,-2.985076572921673e-17f,0f,0.9992290362407229f,0.0392598157590686f,2.10625f,-1.2246467991473532e-16f,0.0392598157590686f,-0.9992290362407229f,0.24375f,0f,0f,0f,1f],start_interpolation:0}
execute if entity @s[tag=aj.sully.bone.left_arm] run data modify entity @s {} merge value {transformation:[-1f,2.3716953455560478e-17f,1.2014617740654655e-16f,0.6875f,0f,0.9810679902988926f,-0.1936636218056761f,1.9375f,-1.2246467991473532e-16f,-0.1936636218056761f,-0.9810679902988926f,0.1062500000000001f,0f,0f,0f,1f],start_interpolation:0}
execute if entity @s[tag=aj.sully.bone.right_arm] run data modify entity @s {} merge value {transformation:[-1f,2.406634368436707e-17f,1.200766793689953e-16f,-0.8125f,0f,0.9805004957559793f,-0.19651660953283015f,1.9375f,-1.2246467991473532e-16f,-0.19651660953283015f,-0.9805004957559793f,0.09374999999999989f,0f,0f,0f,1f],start_interpolation:0}
execute if entity @s[tag=aj.sully.bone.torso] run data modify entity @s {} merge value {transformation:[-1f,-7.476289853398309e-18f,1.2223625860049279e-16f,4.592425496802574e-18f,0f,0.9981347984218669f,0.06104853953485686f,1.5f,-1.2246467991473532e-16f,0.06104853953485686f,-0.9981347984218669f,-0.0375f,0f,0f,0f,1f],start_interpolation:0}