execute if entity @s[tag=aj.sully.bone.jaw] run data modify entity @s {} merge value {transformation:[-1f,-3.6938238913857995e-17f,1.1676114222018097e-16f,-0.12500000000000003f,0f,0.9534270803751304f,0.30162361049386516f,2.0637933015506564f,-1.2246467991473532e-16f,0.30162361049386516f,-0.9534270803751304f,0.28179943867556084f,0f,0f,0f,1f],start_interpolation:0}
execute if entity @s[tag=aj.sully.bone.h_head] run data modify entity @s {} merge value {transformation:[-1f,1.2550935290181074e-17f,1.2181983356564013e-16f,-4.209723372069026e-17f,0f,0.9947344299634462f,-0.10248616416520685f,2.072916666666667f,-1.2246467991473532e-16f,-0.10248616416520685f,-0.9947344299634462f,0.34374999999999994f,0f,0f,0f,1f],start_interpolation:0}
execute if entity @s[tag=aj.sully.bone.left_arm] run data modify entity @s {} merge value {transformation:[-1f,1.1757219811956103e-16f,-3.4269170634161364e-17f,0.6875f,0f,-0.2798290140309916f,-0.9600498543859288f,1.9375f,-1.2246467991473532e-16f,-0.9600498543859288f,0.2798290140309916f,0.3359375f,0f,0f,0f,1f],start_interpolation:0}
execute if entity @s[tag=aj.sully.bone.right_arm] run data modify entity @s {} merge value {transformation:[-1f,1.2094097257594132e-16f,1.925821847949553e-17f,-0.8125f,0f,0.15725528775238584f,-0.9875579853729675f,1.9375f,-1.2246467991473532e-16f,-0.9875579853729675f,-0.15725528775238584f,0.25781249999999983f,0f,0f,0f,1f],start_interpolation:0}
execute if entity @s[tag=aj.sully.bone.torso] run data modify entity @s {} merge value {transformation:[-1f,-4.3064635770577064e-17f,1.1464307642664737e-16f,-8.504491660745481e-19f,0f,0.9361317606551239f,0.3516494372137366f,1.5f,-1.2246467991473532e-16f,0.3516494372137366f,-0.9361317606551239f,0.00694444444444442f,0f,0f,0f,1f],start_interpolation:0}