execute if entity @s[tag=aj.sully.bone.jaw] run data modify entity @s {} merge value {transformation:[-1f,-4.661825383191916e-17f,1.1324458590273237e-16f,-0.12500000000000006f,0f,0.9247122189155081f,0.3806669307785445f,1.9518892187924795f,-1.2246467991473532e-16f,0.3806669307785445f,-0.9247122189155081f,0.5959439315116195f,0f,0f,0f,1f],start_interpolation:0}
execute if entity @s[tag=aj.sully.bone.h_head] run data modify entity @s {} merge value {transformation:[-1f,2.780882186873876e-17f,1.19265532543528e-16f,-8.036744619404505e-17f,0f,0.9738769792773336f,-0.2270762630343732f,1.96875f,-1.2246467991473532e-16f,-0.2270762630343732f,-0.9738769792773336f,0.65625f,0f,0f,0f,1f],start_interpolation:0}
execute if entity @s[tag=aj.sully.bone.left_arm] run data modify entity @s {} merge value {transformation:[-1f,2.2580064568900913e-17f,-1.2036502195689094e-16f,0.6874999999999999f,0f,-0.9828549916653011f,-0.1843802195426635f,1.9375f,-1.2246467991473532e-16f,-0.1843802195426635f,0.9828549916653011f,0.5000000000000001f,0f,0f,0f,1f],start_interpolation:0}
execute if entity @s[tag=aj.sully.bone.right_arm] run data modify entity @s {} merge value {transformation:[-1f,1.5984848350717827e-17f,-1.214169776012528e-16f,-0.8125f,0f,-0.9914448613738103f,-0.13052619222005155f,1.9375f,-1.2246467991473532e-16f,-0.13052619222005155f,0.9914448613738103f,0.3749999999999999f,0f,0f,0f,1f],start_interpolation:0}
execute if entity @s[tag=aj.sully.bone.torso] run data modify entity @s {} merge value {transformation:[-1f,-7.024285468436541e-17f,1.0031719290535247e-16f,-1.7859432487565567e-17f,0f,0.8191520442889918f,0.573576436351046f,1.5f,-1.2246467991473532e-16f,0.573576436351046f,-0.8191520442889918f,0.14583333333333331f,0f,0f,0f,1f],start_interpolation:0}