execute if entity @s[tag=aj.sully.bone.jaw] run data modify entity @s {} merge value {transformation:[-1f,-3.936498123031534e-17f,1.15965495210237e-16f,-0.12500000000000006f,0f,0.9469301294951057f,0.3214394653031615f,2.016371405515423f,-1.2246467991473532e-16f,0.3214394653031615f,-0.9469301294951057f,0.40792455083917056f,0f,0f,0f,1f],start_interpolation:0}
execute if entity @s[tag=aj.sully.bone.h_head] run data modify entity @s {} merge value {transformation:[-1f,2.389167384016779e-17f,1.2011155542966555e-16f,-5.740531871003219e-17f,0f,0.9807852804032304f,-0.19509032201612828f,2.03125f,-1.2246467991473532e-16f,-0.19509032201612828f,-0.9807852804032304f,0.46875f,0f,0f,0f,1f],start_interpolation:0}
execute if entity @s[tag=aj.sully.bone.left_arm] run data modify entity @s {} merge value {transformation:[-1f,1.3711693727812643e-17f,-1.2169464771194024e-16f,0.6874999999999999f,0f,-0.9937122098932427f,-0.11196447610330798f,1.9375f,-1.2246467991473532e-16f,-0.11196447610330798f,0.9937122098932427f,0.5000000000000001f,0f,0f,0f,1f],start_interpolation:0}
execute if entity @s[tag=aj.sully.bone.right_arm] run data modify entity @s {} merge value {transformation:[-1f,6.898681060031157e-17f,-1.0118506702975158e-16f,-0.8125f,0f,-0.8262387743159951f,-0.5633200580636218f,1.9375f,-1.2246467991473532e-16f,-0.5633200580636218f,0.8262387743159951f,0.3749999999999999f,0f,0f,0f,1f],start_interpolation:0}
execute if entity @s[tag=aj.sully.bone.torso] run data modify entity @s {} merge value {transformation:[-1f,-7.024285468436541e-17f,1.0031719290535247e-16f,-7.654042494670958e-18f,0f,0.8191520442889918f,0.573576436351046f,1.5f,-1.2246467991473532e-16f,0.573576436351046f,-0.8191520442889918f,0.0625f,0f,0f,0f,1f],start_interpolation:0}