execute if entity @s[tag=aj.sully.bone.jaw] run data modify entity @s {} merge value {transformation:[-1f,-3.066270705357731e-17f,1.1856389088911126e-16f,-0.12500000000000008f,0f,0.9681476403781077f,0.2503800040544415f,1.9372558765077879f,-1.2246467991473532e-16f,0.2503800040544415f,-0.9681476403781077f,0.6719940850177822f,0f,0f,0f,1f],start_interpolation:0}
execute if entity @s[tag=aj.sully.bone.h_head] run data modify entity @s {} merge value {transformation:[-1f,5.341834311772728e-18f,1.223481206754078e-16f,-8.993499931238375e-17f,0f,0.9990482215818578f,-0.043619387365336035f,1.9427083333333335f,-1.2246467991473532e-16f,-0.043619387365336035f,-0.9990482215818578f,0.734375f,0f,0f,0f,1f],start_interpolation:0}
execute if entity @s[tag=aj.sully.bone.left_arm] run data modify entity @s {} merge value {transformation:[-1f,1.0290110750676887e-16f,-6.639999925074529e-17f,0.6874999999999999f,0f,-0.5421971404079573f,-0.8402513082009656f,1.9375f,-1.2246467991473532e-16f,-0.8402513082009656f,0.5421971404079573f,0.5000000000000001f,0f,0f,0f,1f],start_interpolation:0}
execute if entity @s[tag=aj.sully.bone.right_arm] run data modify entity @s {} merge value {transformation:[-1f,1.0072414928138775e-16f,-6.965804747593268e-17f,-0.8125f,0f,-0.5688011231028516f,-0.8224750952806624f,1.9375f,-1.2246467991473532e-16f,-0.8224750952806624f,0.5688011231028516f,0.3749999999999999f,0f,0f,0f,1f],start_interpolation:0}
execute if entity @s[tag=aj.sully.bone.torso] run data modify entity @s {} merge value {transformation:[-1f,-7.024285468436541e-17f,1.0031719290535247e-16f,-2.211167831793832e-17f,0f,0.8191520442889918f,0.573576436351046f,1.5f,-1.2246467991473532e-16f,0.573576436351046f,-0.8191520442889918f,0.18055555555555555f,0f,0f,0f,1f],start_interpolation:0}