execute if entity @s[tag=aj.sully.bone.jaw] run data modify entity @s {} merge value {transformation:[-1f,-2.9661197476592245e-17f,1.188183958437126e-16f,-0.12500000000000003f,0f,0.9702258310431919f,0.24220205774631123f,2.1047235233902692f,-1.2246467991473532e-16f,0.24220205774631123f,-0.9702258310431919f,0.1719292507066954f,0f,0f,0f,1f],start_interpolation:0}
execute if entity @s[tag=aj.sully.bone.h_head] run data modify entity @s {} merge value {transformation:[-1f,3.771306989036932e-18f,1.224065973312428e-16f,-2.8702659355016093e-17f,0f,0.9995257197133659f,-0.030795058556170336f,2.109375f,-1.2246467991473532e-16f,-0.030795058556170336f,-0.9995257197133659f,0.234375f,0f,0f,0f,1f],start_interpolation:0}
execute if entity @s[tag=aj.sully.bone.left_arm] run data modify entity @s {} merge value {transformation:[-1f,6.466966030315952e-17f,1.0399727334354747e-16f,0.6875f,0f,0.8492021815265791f,-0.5280678506503675f,1.9375f,-1.2246467991473532e-16f,-0.5280678506503675f,-0.8492021815265791f,0.14453125000000003f,0f,0f,0f,1f],start_interpolation:0}
execute if entity @s[tag=aj.sully.bone.right_arm] run data modify entity @s {} merge value {transformation:[-1f,5.036814343794906e-17f,1.1162727244375708e-16f,-0.8125f,0f,0.9115058523116732f,-0.4112871031306114f,1.9375f,-1.2246467991473532e-16f,-0.4112871031306114f,-0.9115058523116732f,0.12109374999999983f,0f,0f,0f,1f],start_interpolation:0}
execute if entity @s[tag=aj.sully.bone.torso] run data modify entity @s {} merge value {transformation:[-1f,-1.3176107529372545e-17f,1.2175380083181383e-16f,5.102694996447307e-18f,0f,0.9941952317728145f,0.10759108290281136f,1.5f,-1.2246467991473532e-16f,0.10759108290281136f,-0.9941952317728145f,-0.041666666666666685f,0f,0f,0f,1f],start_interpolation:0}