execute if entity @s[tag=aj.sully.bone.jaw] run data modify entity @s {} merge value {transformation:[-1f,-3.383514695792032e-17f,1.1769783624584826e-16f,-0.12500000000000003f,0f,0.9610757675420706f,0.2762849417601685f,2.0813303997464527f,-1.2246467991473532e-16f,0.2762849417601685f,-0.9610757675420706f,0.23467286604256613f,0f,0f,0f,1f],start_interpolation:0}
execute if entity @s[tag=aj.sully.bone.h_head] run data modify entity @s {} merge value {transformation:[-1f,8.793533721037307e-18f,1.2214856360725474e-16f,-3.6356701849687046e-17f,0f,0.9974187144595431f,-0.07180465197932749f,2.088541666666667f,-1.2246467991473532e-16f,-0.07180465197932749f,-0.9974187144595431f,0.296875f,0f,0f,0f,1f],start_interpolation:0}
execute if entity @s[tag=aj.sully.bone.left_arm] run data modify entity @s {} merge value {transformation:[-1f,1.1793901441035867e-16f,3.298464349559938e-17f,0.6875f,0f,0.26934005395322613f,-0.9630451367077627f,1.9375f,-1.2246467991473532e-16f,-0.9630451367077627f,-0.26934005395322613f,0.25390625000000006f,0f,0f,0f,1f],start_interpolation:0}
execute if entity @s[tag=aj.sully.bone.right_arm] run data modify entity @s {} merge value {transformation:[-1f,1.0231774739734799e-16f,6.72954411097146e-17f,-0.8125f,0f,0.5495089780708062f,-0.8354878114129363f,1.9375f,-1.2246467991473532e-16f,-0.8354878114129363f,-0.5495089780708062f,0.1992187499999999f,0f,0f,0f,1f],start_interpolation:0}
execute if entity @s[tag=aj.sully.bone.torso] run data modify entity @s {} merge value {transformation:[-1f,-3.0480082801087945e-17f,1.186109707365107e-16f,1.7008983321491024e-18f,0f,0.968532076506404f,0.2488887638648904f,1.5f,-1.2246467991473532e-16f,0.2488887638648904f,-0.968532076506404f,-0.013888888888888895f,0f,0f,0f,1f],start_interpolation:0}