execute if entity @s[tag=aj.sully.bone.jaw] run data modify entity @s {} merge value {transformation:[-1f,-2.861173426568127e-17f,1.190754655205203e-16f,-0.125f,0f,0.9723249642543897f,0.23363254030143116f,2.1105731987945147f,-1.2246467991473532e-16f,0.23363254030143116f,-0.9723249642543897f,0.15625978748288888f,0f,0f,0f,1f],start_interpolation:0}
execute if entity @s[tag=aj.sully.bone.h_head] run data modify entity @s {} merge value {transformation:[-1f,2.514425518400483e-18f,1.2243886429941678e-16f,-2.6789148731348338e-17f,0f,0.9997891995035914f,-0.02053184248839032f,2.1145833333333335f,-1.2246467991473532e-16f,-0.02053184248839032f,-0.9997891995035914f,0.2187499999999999f,0f,0f,0f,1f],start_interpolation:0}
execute if entity @s[tag=aj.sully.bone.left_arm] run data modify entity @s {} merge value {transformation:[-1f,4.4385858347337937e-17f,1.1413804538973246e-16f,0.6875f,0f,0.9320078692827991f,-0.36243803828370025f,1.9375f,-1.2246467991473532e-16f,-0.36243803828370025f,-0.9320078692827991f,0.11718749999999986f,0f,0f,0f,1f],start_interpolation:0}
execute if entity @s[tag=aj.sully.bone.right_arm] run data modify entity @s {} merge value {transformation:[-1f,3.4147007998389705e-17f,1.1760773644355411e-16f,-0.8125f,0f,0.9603400468236001f,-0.2788314804085895f,1.9375f,-1.2246467991473532e-16f,-0.2788314804085895f,-0.9603400468236001f,0.10156249999999978f,0f,0f,0f,1f],start_interpolation:0}
execute if entity @s[tag=aj.sully.bone.torso] run data modify entity @s {} merge value {transformation:[-1f,-8.793533721037279e-18f,1.2214856360725474e-16f,5.953144162521862e-18f,0f,0.9974187144595431f,0.07180465197932726f,1.5f,-1.2246467991473532e-16f,0.07180465197932726f,-0.9974187144595431f,-0.04861111111111116f,0f,0f,0f,1f],start_interpolation:0}