execute if entity @s[tag=aj.sully.bone.jaw] run data modify entity @s {} merge value {transformation:[-1f,-3.2212033486179985e-17f,1.1815237079848967e-16f,-0.12500000000000006f,0f,0.9647873238288129f,0.26303121445797484f,1.990293402526502f,-1.2246467991473532e-16f,0.26303121445797484f,-0.9647873238288129f,0.4719527649902772f,0f,0f,0f,1f],start_interpolation:0}
execute if entity @s[tag=aj.sully.bone.h_head] run data modify entity @s {} merge value {transformation:[-1f,3.426917063416142e-17f,1.17572198119561e-16f,-6.505936120470313e-17f,0f,0.9600498543859287f,-0.27982901403099203f,2.0104166666666665f,-1.2246467991473532e-16f,-0.27982901403099203f,-0.9600498543859287f,0.53125f,0f,0f,0f,1f],start_interpolation:0}
execute if entity @s[tag=aj.sully.bone.left_arm] run data modify entity @s {} merge value {transformation:[-1f,-1.5266832266439406e-18f,-1.2245516348829091e-16f,0.6874999999999999f,0f,-0.9999222924809748f,0.012466314595415404f,1.9375f,-1.2246467991473532e-16f,0.012466314595415404f,0.9999222924809748f,0.5000000000000001f,0f,0f,0f,1f],start_interpolation:0}
execute if entity @s[tag=aj.sully.bone.right_arm] run data modify entity @s {} merge value {transformation:[-1f,1.5984848350717827e-17f,-1.214169776012528e-16f,-0.8125f,0f,-0.9914448613738103f,-0.13052619222005155f,1.9375f,-1.2246467991473532e-16f,-0.13052619222005155f,0.9914448613738103f,0.3749999999999999f,0f,0f,0f,1f],start_interpolation:0}
execute if entity @s[tag=aj.sully.bone.torso] run data modify entity @s {} merge value {transformation:[-1f,-7.024285468436541e-17f,1.0031719290535247e-16f,-1.1055839158969162e-17f,0f,0.8191520442889918f,0.573576436351046f,1.5f,-1.2246467991473532e-16f,0.573576436351046f,-0.8191520442889918f,0.09027777777777779f,0f,0f,0f,1f],start_interpolation:0}