execute if entity @s[tag=aj.sully.bone.jaw] run data modify entity @s {} merge value {transformation:[-1f,-4.587607655662907e-17f,1.135472739716321e-16f,-0.12500000000000006f,0f,0.9271838545667873f,0.37460659341591207f,1.9655500870163691f,-1.2246467991473532e-16f,0.37460659341591207f,-0.9271838545667873f,0.549652889432708f,0f,0f,0f,1f],start_interpolation:0}
execute if entity @s[tag=aj.sully.bone.h_head] run data modify entity @s {} merge value {transformation:[-1f,3.169619151431765e-17f,1.1829179713786698e-16f,-7.462691432304184e-17f,0f,0.9659258262890683f,-0.25881904510252074f,1.984375f,-1.2246467991473532e-16f,-0.25881904510252074f,-0.9659258262890683f,0.609375f,0f,0f,0f,1f],start_interpolation:0}
execute if entity @s[tag=aj.sully.bone.left_arm] run data modify entity @s {} merge value {transformation:[-1f,1.0673500138322975e-17f,-1.2199866483456204e-16f,0.6874999999999999f,0f,-0.9961946980917458f,-0.0871557427476582f,1.9375f,-1.2246467991473532e-16f,-0.0871557427476582f,0.9961946980917458f,0.5000000000000001f,0f,0f,0f,1f],start_interpolation:0}
execute if entity @s[tag=aj.sully.bone.right_arm] run data modify entity @s {} merge value {transformation:[-1f,1.4997597826618576e-32f,-1.2246467991473532e-16f,-0.8125f,0f,-1f,-1.2246467991473532e-16f,1.9375f,-1.2246467991473532e-16f,-1.2246467991473532e-16f,1f,0.3749999999999999f,0f,0f,0f,1f],start_interpolation:0}
execute if entity @s[tag=aj.sully.bone.torso] run data modify entity @s {} merge value {transformation:[-1f,-7.024285468436541e-17f,1.0031719290535247e-16f,-1.5308084989341912e-17f,0f,0.8191520442889918f,0.573576436351046f,1.5f,-1.2246467991473532e-16f,0.573576436351046f,-0.8191520442889918f,0.125f,0f,0f,0f,1f],start_interpolation:0}