execute if entity @s[tag=aj.sully.bone.jaw] run data modify entity @s {} merge value {transformation:[-1f,-2.7027640737911225e-17f,1.194449850883702e-16f,-0.12500000000000008f,0f,0.9753423205085128f,0.22069743502150108f,1.9537967418537208f,-1.2246467991473532e-16f,0.22069743502150108f,-0.9753423205085128f,0.6311793250482237f,0f,0f,0f,1f],start_interpolation:0}
execute if entity @s[tag=aj.sully.bone.h_head] run data modify entity @s {} merge value {transformation:[-1f,-5.343512749254816e-19f,1.2246351413924705e-16f,-8.495987169084762e-17f,0f,0.9999904807207345f,0.004363309284746571f,1.95625f,-1.2246467991473532e-16f,0.004363309284746571f,-0.9999904807207345f,0.69375f,0f,0f,0f,1f],start_interpolation:0}
execute if entity @s[tag=aj.sully.bone.left_arm] run data modify entity @s {} merge value {transformation:[-1f,1.2041399752941237e-16f,-2.2317415298489407e-17f,0.6874999999999999f,0f,-0.18223552549214728f,-0.9832549075639546f,1.9375f,-1.2246467991473532e-16f,-0.9832549075639546f,0.18223552549214728f,0.45625000000000016f,0f,0f,0f,1f],start_interpolation:0}
execute if entity @s[tag=aj.sully.bone.right_arm] run data modify entity @s {} merge value {transformation:[-1f,1.1978853283323184e-16f,-2.546183866652832e-17f,-0.8125f,0f,-0.2079116908177594f,-0.9781476007338057f,1.9375f,-1.2246467991473532e-16f,-0.9781476007338057f,0.2079116908177594f,0.3437499999999999f,0f,0f,0f,1f],start_interpolation:0}
execute if entity @s[tag=aj.sully.bone.torso] run data modify entity @s {} merge value {transformation:[-1f,-6.39876194838473e-17f,1.0441830481007121e-16f,-1.990051048614449e-17f,0f,0.8526401643540922f,0.5224985647159489f,1.5f,-1.2246467991473532e-16f,0.5224985647159489f,-0.8526401643540922f,0.1625f,0f,0f,0f,1f],start_interpolation:0}