execute if entity @s[tag=aj.sully.bone.jaw] run data modify entity @s {} merge value {transformation:[-1f,-4.612368890662541e-17f,1.1344691775567735e-16f,-0.12500000000000006f,0f,0.9263643838751181f,0.3766285016932107f,1.9609943279175246f,-1.2246467991473532e-16f,0.3766285016932107f,-0.9263643838751181f,0.5650760987264718f,0f,0f,0f,1f],start_interpolation:0}
execute if entity @s[tag=aj.sully.bone.h_head] run data modify entity @s {} merge value {transformation:[-1f,3.040396800321714e-17f,1.186305043244693e-16f,-7.654042494670958e-17f,0f,0.9686915803565931f,-0.24826723937371628f,1.9791666666666667f,-1.2246467991473532e-16f,-0.24826723937371628f,-0.9686915803565931f,0.625f,0f,0f,0f,1f],start_interpolation:0}
execute if entity @s[tag=aj.sully.bone.left_arm] run data modify entity @s {} merge value {transformation:[-1f,1.4659469831546014e-17f,-1.2158411808651887e-16f,0.6874999999999999f,0f,-0.9928096670090549f,-0.11970365530496228f,1.9375f,-1.2246467991473532e-16f,-0.11970365530496228f,0.9928096670090549f,0.5000000000000001f,0f,0f,0f,1f],start_interpolation:0}
execute if entity @s[tag=aj.sully.bone.right_arm] run data modify entity @s {} merge value {transformation:[-1f,5.3418343117727325e-18f,-1.223481206754078e-16f,-0.8125f,0f,-0.9990482215818579f,-0.043619387365336076f,1.9375f,-1.2246467991473532e-16f,-0.043619387365336076f,0.9990482215818579f,0.3749999999999999f,0f,0f,0f,1f],start_interpolation:0}
execute if entity @s[tag=aj.sully.bone.torso] run data modify entity @s {} merge value {transformation:[-1f,-7.024285468436541e-17f,1.0031719290535247e-16f,-1.6158534155416462e-17f,0f,0.8191520442889918f,0.573576436351046f,1.5f,-1.2246467991473532e-16f,0.573576436351046f,-0.8191520442889918f,0.13194444444444442f,0f,0f,0f,1f],start_interpolation:0}