execute if entity @s[tag=aj.sully.bone.jaw] run data modify entity @s {} merge value {transformation:[-1f,-4.637108172422279e-17f,1.1334602157263409e-16f,-0.12500000000000006f,0f,0.9255405040175664f,0.3786486173524329f,1.9564407311452625f,-1.2246467991473532e-16f,0.3786486173524329f,-0.9255405040175664f,0.5805064383652302f,0f,0f,0f,1f],start_interpolation:0}
execute if entity @s[tag=aj.sully.bone.h_head] run data modify entity @s {} merge value {transformation:[-1f,2.910812672397303e-17f,1.1895509566739756e-16f,-7.845393557037732e-17f,0f,0.9713420698132614f,-0.23768589232617307f,1.9739583333333335f,-1.2246467991473532e-16f,-0.23768589232617307f,-0.9713420698132614f,0.640625f,0f,0f,0f,1f],start_interpolation:0}
execute if entity @s[tag=aj.sully.bone.left_arm] run data modify entity @s {} merge value {transformation:[-1f,1.8629741797293864e-17f,-1.2103937601947865e-16f,0.6874999999999999f,0f,-0.9883615104677608f,-0.15212338618991708f,1.9375f,-1.2246467991473532e-16f,-0.15212338618991708f,0.9883615104677608f,0.5000000000000001f,0f,0f,0f,1f],start_interpolation:0}
execute if entity @s[tag=aj.sully.bone.right_arm] run data modify entity @s {} merge value {transformation:[-1f,1.0673500138322975e-17f,-1.2199866483456204e-16f,-0.8125f,0f,-0.9961946980917458f,-0.0871557427476582f,1.9375f,-1.2246467991473532e-16f,-0.0871557427476582f,0.9961946980917458f,0.3749999999999999f,0f,0f,0f,1f],start_interpolation:0}
execute if entity @s[tag=aj.sully.bone.torso] run data modify entity @s {} merge value {transformation:[-1f,-7.024285468436541e-17f,1.0031719290535247e-16f,-1.7008983321491017e-17f,0f,0.8191520442889918f,0.573576436351046f,1.5f,-1.2246467991473532e-16f,0.573576436351046f,-0.8191520442889918f,0.1388888888888889f,0f,0f,0f,1f],start_interpolation:0}