execute if entity @s[tag=aj.sandra.bone.right_leg] run data modify entity @s {} merge value {transformation:[-0.9235452264720665f,0.38348952353442384f,-5.551115123125783e-17f,-0.11906249999999999f,0f,0f,1.0000000000000002f,0.125f,0.38348952353442384f,0.9235452264720667f,-6.798155367234455e-33f,-0.00031250000000001464f,0f,0f,0f,1f],start_interpolation:0}
execute if entity @s[tag=aj.sandra.bone.left_leg] run data modify entity @s {} merge value {transformation:[-0.9235452264720665f,-0.38348952353442406f,5.551115123125783e-17f,0.11906249999999999f,0f,0f,1.0000000000000002f,0.125f,-0.38348952353442406f,0.9235452264720667f,6.798155367234455e-33f,0.00031250000000001464f,0f,0f,0f,1f],start_interpolation:0}
execute if entity @s[tag=aj.sandra.bone.left_arm] run data modify entity @s {} merge value {transformation:[-1f,3.682583948479539e-17f,1.16796641102639e-16f,0.31249999999999994f,0f,0.9537169507482268f,-0.3007057995042731f,0.582799872817576f,-1.2246467991473532e-16f,-0.3007057995042731f,-0.9537169507482268f,0.3167144544394164f,0f,0f,0f,1f],start_interpolation:0}
execute if entity @s[tag=aj.sandra.bone.bodywear] run data modify entity @s {} merge value {transformation:[-1f,-6.580022455450643e-17f,1.0328566345430089e-16f,5.158616162428678e-17f,0f,0.8433914458128857f,0.5372996083468239f,-0.5755455660410592f,-1.2246467991473532e-16f,0.5372996083468239f,-0.8433914458128857f,-0.4212329763994246f,0f,0f,0f,1f],start_interpolation:0}
execute if entity @s[tag=aj.sandra.bone.torso] run data modify entity @s {} merge value {transformation:[-1f,-6.580022455450643e-17f,1.0328566345430089e-16f,-4.711417520747286e-17f,0f,0.8433914458128857f,0.5372996083468239f,0.6895416026782694f,-1.2246467991473532e-16f,0.5372996083468239f,-0.8433914458128857f,0.3847164361208112f,0f,0f,0f,1f],start_interpolation:0}
execute if entity @s[tag=aj.sandra.bone.right_arm] run data modify entity @s {} merge value {transformation:[-1f,3.682583948479539e-17f,1.16796641102639e-16f,-0.31250000000000006f,0f,0.9537169507482268f,-0.3007057995042731f,0.582799872817576f,-1.2246467991473532e-16f,-0.3007057995042731f,-0.9537169507482268f,0.3167144544394163f,0f,0f,0f,1f],start_interpolation:0}
execute if entity @s[tag=aj.sandra.bone.headwear] run data modify entity @s {} merge value {transformation:[-1f,-9.483574728585043e-17f,7.748405554275599e-17f,-4.695279135832551e-17f,0f,0.6327053285625162f,0.7743926440821856f,0.6903811333163113f,-1.2246467991473532e-16f,0.7743926440821856f,-0.6327053285625162f,0.3833986369867286f,0f,0f,0f,1f],start_interpolation:0}
execute if entity @s[tag=aj.sandra.bone.head] run data modify entity @s {} merge value {transformation:[-1f,-9.483574728585043e-17f,7.748405554275599e-17f,-4.695279135832551e-17f,0f,0.6327053285625162f,0.7743926440821856f,0.6903811333163113f,-1.2246467991473532e-16f,0.7743926440821856f,-0.6327053285625162f,0.3833986369867286f,0f,0f,0f,1f],start_interpolation:0}