execute if entity @s[tag=aj.sandra.bone.right_leg] run data modify entity @s {} merge value {transformation:[-0.9211854055657213f,0.3891239501402061f,-5.5511151231257815e-17f,-0.12125f,0f,1.1102230246251565e-16f,1f,0.125f,0.3891239501402061f,0.9211854055657213f,-1.1102230246251565e-16f,-0.0025000000000000152f,0f,0f,0f,1f],start_interpolation:0}
execute if entity @s[tag=aj.sandra.bone.left_leg] run data modify entity @s {} merge value {transformation:[-0.9211854055657213f,-0.38912395014020634f,5.551115123125784e-17f,0.12125f,0f,1.1102230246251565e-16f,1f,0.125f,-0.38912395014020634f,0.9211854055657213f,-1.1102230246251564e-16f,0.0025000000000000152f,0f,0f,0f,1f],start_interpolation:0}
execute if entity @s[tag=aj.sandra.bone.left_arm] run data modify entity @s {} merge value {transformation:[-1f,3.682583948479539e-17f,1.16796641102639e-16f,0.31249999999999994f,0f,0.9537169507482268f,-0.3007057995042731f,0.5676985644127043f,-1.2246467991473532e-16f,-0.3007057995042731f,-0.9537169507482268f,0.3200623339117015f,0f,0f,0f,1f],start_interpolation:0}
execute if entity @s[tag=aj.sandra.bone.bodywear] run data modify entity @s {} merge value {transformation:[-1f,-6.580022455450643e-17f,1.0328566345430089e-16f,5.0456474680255364e-17f,0f,0.8433914458128857f,0.5372996083468239f,-0.5814222805073526f,-1.2246467991473532e-16f,0.5372996083468239f,-0.8433914458128857f,-0.41200838246084603f,0f,0f,0f,1f],start_interpolation:0}
execute if entity @s[tag=aj.sandra.bone.torso] run data modify entity @s {} merge value {transformation:[-1f,-6.580022455450643e-17f,1.0328566345430089e-16f,-4.824386215150428e-17f,0f,0.8433914458128857f,0.5372996083468239f,0.683664888211976f,-1.2246467991473532e-16f,0.5372996083468239f,-0.8433914458128857f,0.39394103005938974f,0f,0f,0f,1f],start_interpolation:0}
execute if entity @s[tag=aj.sandra.bone.right_arm] run data modify entity @s {} merge value {transformation:[-1f,3.682583948479539e-17f,1.16796641102639e-16f,-0.31250000000000006f,0f,0.9537169507482268f,-0.3007057995042731f,0.5676985644127043f,-1.2246467991473532e-16f,-0.3007057995042731f,-0.9537169507482268f,0.3200623339117014f,0f,0f,0f,1f],start_interpolation:0}
execute if entity @s[tag=aj.sandra.bone.headwear] run data modify entity @s {} merge value {transformation:[-1f,-1.0152782096024235e-16f,6.84813799341365e-17f,-4.695279135832551e-17f,0f,0.5591929034707468f,0.8290375725550417f,0.6903811333163113f,-1.2246467991473532e-16f,0.8290375725550417f,-0.5591929034707468f,0.3833986369867286f,0f,0f,0f,1f],start_interpolation:0}
execute if entity @s[tag=aj.sandra.bone.head] run data modify entity @s {} merge value {transformation:[-1f,-1.0152782096024235e-16f,6.84813799341365e-17f,-4.695279135832551e-17f,0f,0.5591929034707468f,0.8290375725550417f,0.6903811333163113f,-1.2246467991473532e-16f,0.8290375725550417f,-0.5591929034707468f,0.3833986369867286f,0f,0f,0f,1f],start_interpolation:0}