execute if entity @s[tag=aj.sandra.bone.right_leg] run data modify entity @s {} merge value {transformation:[-0.9205048534524403f,0.3907311284892737f,-8.326672684688673e-17f,-0.121875f,-2.7755575615628914e-17f,1.1102230246251565e-16f,1f,0.125f,0.3907311284892737f,0.9205048534524403f,-1.1102230246251565e-16f,-0.003125000000000015f,0f,0f,0f,1f],start_interpolation:0}
execute if entity @s[tag=aj.sandra.bone.left_leg] run data modify entity @s {} merge value {transformation:[-0.9205048534524403f,-0.39073112848927394f,8.326672684688675e-17f,0.121875f,2.7755575615628914e-17f,1.1102230246251565e-16f,1f,0.125f,-0.39073112848927394f,0.9205048534524403f,-1.1102230246251564e-16f,0.003125000000000015f,0f,0f,0f,1f],start_interpolation:0}
execute if entity @s[tag=aj.sandra.bone.left_arm] run data modify entity @s {} merge value {transformation:[-1f,3.682583948479539e-17f,1.16796641102639e-16f,0.31249999999999994f,0f,0.9537169507482268f,-0.3007057995042731f,0.5633839048684551f,-1.2246467991473532e-16f,-0.3007057995042731f,-0.9537169507482268f,0.3210188709037829f,0f,0f,0f,1f],start_interpolation:0}
execute if entity @s[tag=aj.sandra.bone.bodywear] run data modify entity @s {} merge value {transformation:[-1f,-6.580022455450643e-17f,1.0328566345430089e-16f,5.0133706981960675e-17f,0f,0.8433914458128857f,0.5372996083468239f,-0.5831013417834364f,-1.2246467991473532e-16f,0.5372996083468239f,-0.8433914458128857f,-0.40937278419268086f,0f,0f,0f,1f],start_interpolation:0}
execute if entity @s[tag=aj.sandra.bone.torso] run data modify entity @s {} merge value {transformation:[-1f,-6.580022455450643e-17f,1.0328566345430089e-16f,-4.856662984979897e-17f,0f,0.8433914458128857f,0.5372996083468239f,0.6819858269358922f,-1.2246467991473532e-16f,0.5372996083468239f,-0.8433914458128857f,0.3965766283275549f,0f,0f,0f,1f],start_interpolation:0}
execute if entity @s[tag=aj.sandra.bone.right_arm] run data modify entity @s {} merge value {transformation:[-1f,3.682583948479539e-17f,1.16796641102639e-16f,-0.31250000000000006f,0f,0.9537169507482268f,-0.3007057995042731f,0.5633839048684551f,-1.2246467991473532e-16f,-0.3007057995042731f,-0.9537169507482268f,0.3210188709037828f,0f,0f,0f,1f],start_interpolation:0}
execute if entity @s[tag=aj.sandra.bone.headwear] run data modify entity @s {} merge value {transformation:[-1f,-1.0328566345430088e-16f,6.580022455450643e-17f,-4.695279135832551e-17f,0f,0.5372996083468238f,0.8433914458128857f,0.6903811333163113f,-1.2246467991473532e-16f,0.8433914458128857f,-0.5372996083468238f,0.3833986369867286f,0f,0f,0f,1f],start_interpolation:0}
execute if entity @s[tag=aj.sandra.bone.head] run data modify entity @s {} merge value {transformation:[-1f,-1.0328566345430088e-16f,6.580022455450643e-17f,-4.695279135832551e-17f,0f,0.5372996083468238f,0.8433914458128857f,0.6903811333163113f,-1.2246467991473532e-16f,0.8433914458128857f,-0.5372996083468238f,0.3833986369867286f,0f,0f,0f,1f],start_interpolation:0}