execute if entity @s[tag=aj.sandra.bone.right_leg] run data modify entity @s {} merge value {transformation:[-0.9233778096915741f,0.38389245964096647f,-8.32667268468867e-17f,-0.11921875f,0f,3.3306690738754696e-16f,0.9999999999999999f,0.125f,0.3838924596409664f,0.923377809691574f,-3.3306690738754696e-16f,-0.00046875000000001413f,0f,0f,0f,1f],start_interpolation:0}
execute if entity @s[tag=aj.sandra.bone.left_leg] run data modify entity @s {} merge value {transformation:[-0.9233778096915741f,-0.3838924596409667f,8.326672684688678e-17f,0.11921875f,0f,3.3306690738754696e-16f,0.9999999999999999f,0.125f,-0.38389245964096663f,0.923377809691574f,-3.3306690738754696e-16f,0.00046875000000001413f,0f,0f,0f,1f],start_interpolation:0}
execute if entity @s[tag=aj.sandra.bone.left_arm] run data modify entity @s {} merge value {transformation:[-1f,3.682583948479539e-17f,1.16796641102639e-16f,0.31249999999999994f,0f,0.9537169507482268f,-0.3007057995042731f,0.5817212079315137f,-1.2246467991473532e-16f,-0.3007057995042731f,-0.9537169507482268f,0.3169535886874368f,0f,0f,0f,1f],start_interpolation:0}
execute if entity @s[tag=aj.sandra.bone.bodywear] run data modify entity @s {} merge value {transformation:[-1f,-6.580022455450643e-17f,1.0328566345430089e-16f,5.150546969971311e-17f,0f,0.8433914458128857f,0.5372996083468239f,-0.5759653313600801f,-1.2246467991473532e-16f,0.5372996083468239f,-0.8433914458128857f,-0.42057407683238324f,0f,0f,0f,1f],start_interpolation:0}
execute if entity @s[tag=aj.sandra.bone.torso] run data modify entity @s {} merge value {transformation:[-1f,-6.580022455450643e-17f,1.0328566345430089e-16f,-4.719486713204654e-17f,0f,0.8433914458128857f,0.5372996083468239f,0.6891218373592485f,-1.2246467991473532e-16f,0.5372996083468239f,-0.8433914458128857f,0.38537533568785254f,0f,0f,0f,1f],start_interpolation:0}
execute if entity @s[tag=aj.sandra.bone.right_arm] run data modify entity @s {} merge value {transformation:[-1f,3.682583948479539e-17f,1.16796641102639e-16f,-0.31250000000000006f,0f,0.9537169507482268f,-0.3007057995042731f,0.5817212079315137f,-1.2246467991473532e-16f,-0.3007057995042731f,-0.9537169507482268f,0.31695358868743667f,0f,0f,0f,1f],start_interpolation:0}
execute if entity @s[tag=aj.sandra.bone.headwear] run data modify entity @s {} merge value {transformation:[-1f,-9.534084439894868e-17f,7.686170188015638e-17f,-4.695279135832551e-17f,0f,0.6276234252493902f,0.7785170750074935f,0.6903811333163113f,-1.2246467991473532e-16f,0.7785170750074935f,-0.6276234252493902f,0.3833986369867286f,0f,0f,0f,1f],start_interpolation:0}
execute if entity @s[tag=aj.sandra.bone.head] run data modify entity @s {} merge value {transformation:[-1f,-9.534084439894868e-17f,7.686170188015638e-17f,-4.695279135832551e-17f,0f,0.6276234252493902f,0.7785170750074935f,0.6903811333163113f,-1.2246467991473532e-16f,0.7785170750074935f,-0.6276234252493902f,0.3833986369867286f,0f,0f,0f,1f],start_interpolation:0}