execute if entity @s[tag=aj.sandra.bone.right_leg] run data modify entity @s {} merge value {transformation:[-0.9222009716704518f,0.3867109616368205f,-5.5511151231257815e-17f,-0.12031249999999999f,0f,1.1102230246251565e-16f,1f,0.125f,0.3867109616368205f,0.9222009716704518f,-1.1102230246251565e-16f,-0.0015625000000000148f,0f,0f,0f,1f],start_interpolation:0}
execute if entity @s[tag=aj.sandra.bone.left_leg] run data modify entity @s {} merge value {transformation:[-0.9222009716704518f,-0.3867109616368207f,5.551115123125784e-17f,0.12031249999999999f,0f,1.1102230246251565e-16f,1f,0.125f,-0.3867109616368207f,0.9222009716704518f,-1.1102230246251564e-16f,0.0015625000000000148f,0f,0f,0f,1f],start_interpolation:0}
execute if entity @s[tag=aj.sandra.bone.left_arm] run data modify entity @s {} merge value {transformation:[-1f,3.682583948479539e-17f,1.16796641102639e-16f,0.31249999999999994f,0f,0.9537169507482268f,-0.3007057995042731f,0.5741705537290779f,-1.2246467991473532e-16f,-0.3007057995042731f,-0.9537169507482268f,0.3186275284235793f,0f,0f,0f,1f],start_interpolation:0}
execute if entity @s[tag=aj.sandra.bone.bodywear] run data modify entity @s {} merge value {transformation:[-1f,-6.580022455450643e-17f,1.0328566345430089e-16f,5.0940626227697404e-17f,0f,0.8433914458128857f,0.5372996083468239f,-0.5789036885932268f,-1.2246467991473532e-16f,0.5372996083468239f,-0.8433914458128857f,-0.415961779863094f,0f,0f,0f,1f],start_interpolation:0}
execute if entity @s[tag=aj.sandra.bone.torso] run data modify entity @s {} merge value {transformation:[-1f,-6.580022455450643e-17f,1.0328566345430089e-16f,-4.775971060406224e-17f,0f,0.8433914458128857f,0.5372996083468239f,0.6861834801261018f,-1.2246467991473532e-16f,0.5372996083468239f,-0.8433914458128857f,0.38998763265714176f,0f,0f,0f,1f],start_interpolation:0}
execute if entity @s[tag=aj.sandra.bone.right_arm] run data modify entity @s {} merge value {transformation:[-1f,3.682583948479539e-17f,1.16796641102639e-16f,-0.31250000000000006f,0f,0.9537169507482268f,-0.3007057995042731f,0.5741705537290779f,-1.2246467991473532e-16f,-0.3007057995042731f,-0.9537169507482268f,0.31862752842357916f,0f,0f,0f,1f],start_interpolation:0}
execute if entity @s[tag=aj.sandra.bone.headwear] run data modify entity @s {} merge value {transformation:[-1f,-9.876098033058266e-17f,7.241454681734082e-17f,-4.695279135832551e-17f,0f,0.5913096483635825f,0.8064446042674827f,0.6903811333163113f,-1.2246467991473532e-16f,0.8064446042674827f,-0.5913096483635825f,0.3833986369867286f,0f,0f,0f,1f],start_interpolation:0}
execute if entity @s[tag=aj.sandra.bone.head] run data modify entity @s {} merge value {transformation:[-1f,-9.876098033058266e-17f,7.241454681734082e-17f,-4.695279135832551e-17f,0f,0.5913096483635825f,0.8064446042674827f,0.6903811333163113f,-1.2246467991473532e-16f,0.8064446042674827f,-0.5913096483635825f,0.3833986369867286f,0f,0f,0f,1f],start_interpolation:0}