execute if entity @s[tag=aj.sandra.bone.right_leg] run data modify entity @s {} merge value {transformation:[-0.9216939782668405f,0.38791778823179135f,-8.326672684688673e-17f,-0.12078124999999999f,-2.7755575615628914e-17f,1.1102230246251565e-16f,1f,0.125f,0.38791778823179135f,0.9216939782668405f,-1.1102230246251565e-16f,-0.002031250000000015f,0f,0f,0f,1f],start_interpolation:0}
execute if entity @s[tag=aj.sandra.bone.left_leg] run data modify entity @s {} merge value {transformation:[-0.9216939782668405f,-0.38791778823179157f,8.326672684688675e-17f,0.12078124999999999f,2.7755575615628914e-17f,1.1102230246251565e-16f,1f,0.125f,-0.38791778823179157f,0.9216939782668405f,-1.1102230246251564e-16f,0.002031250000000015f,0f,0f,0f,1f],start_interpolation:0}
execute if entity @s[tag=aj.sandra.bone.left_arm] run data modify entity @s {} merge value {transformation:[-1f,3.682583948479539e-17f,1.16796641102639e-16f,0.31249999999999994f,0f,0.9537169507482268f,-0.3007057995042731f,0.5709345590708911f,-1.2246467991473532e-16f,-0.3007057995042731f,-0.9537169507482268f,0.3193449311676404f,0f,0f,0f,1f],start_interpolation:0}
execute if entity @s[tag=aj.sandra.bone.bodywear] run data modify entity @s {} merge value {transformation:[-1f,-6.580022455450643e-17f,1.0328566345430089e-16f,5.069855045397639e-17f,0f,0.8433914458128857f,0.5372996083468239f,-0.5801629845502897f,-1.2246467991473532e-16f,0.5372996083468239f,-0.8433914458128857f,-0.4139850811619701f,0f,0f,0f,1f],start_interpolation:0}
execute if entity @s[tag=aj.sandra.bone.torso] run data modify entity @s {} merge value {transformation:[-1f,-6.580022455450643e-17f,1.0328566345430089e-16f,-4.8001786377783254e-17f,0f,0.8433914458128857f,0.5372996083468239f,0.6849241841690389f,-1.2246467991473532e-16f,0.5372996083468239f,-0.8433914458128857f,0.3919643313582657f,0f,0f,0f,1f],start_interpolation:0}
execute if entity @s[tag=aj.sandra.bone.right_arm] run data modify entity @s {} merge value {transformation:[-1f,3.682583948479539e-17f,1.16796641102639e-16f,-0.31250000000000006f,0f,0.9537169507482268f,-0.3007057995042731f,0.5709345590708911f,-1.2246467991473532e-16f,-0.3007057995042731f,-0.9537169507482268f,0.3193449311676403f,0f,0f,0f,1f],start_interpolation:0}
execute if entity @s[tag=aj.sandra.bone.headwear] run data modify entity @s {} merge value {transformation:[-1f,-1.0016370815351075e-16f,7.046154550928399e-17f,-4.695279135832551e-17f,0f,0.5753621824540927f,0.8178987461792955f,0.6903811333163113f,-1.2246467991473532e-16f,0.8178987461792955f,-0.5753621824540927f,0.3833986369867286f,0f,0f,0f,1f],start_interpolation:0}
execute if entity @s[tag=aj.sandra.bone.head] run data modify entity @s {} merge value {transformation:[-1f,-1.0016370815351075e-16f,7.046154550928399e-17f,-4.695279135832551e-17f,0f,0.5753621824540927f,0.8178987461792955f,0.6903811333163113f,-1.2246467991473532e-16f,0.8178987461792955f,-0.5753621824540927f,0.3833986369867286f,0f,0f,0f,1f],start_interpolation:0}