execute if entity @s[tag=aj.sandra.bone.right_leg] run data modify entity @s {} merge value {transformation:[-0.9206752544385195f,0.39032944529533925f,-5.55111512312578e-17f,-0.12171875f,0f,2.220446049250313e-16f,1f,0.125f,0.39032944529533925f,0.9206752544385195f,-2.220446049250313e-16f,-0.0029687500000000148f,0f,0f,0f,1f],start_interpolation:0}
execute if entity @s[tag=aj.sandra.bone.left_leg] run data modify entity @s {} merge value {transformation:[-0.9206752544385195f,-0.39032944529533947f,5.551115123125785e-17f,0.12171875f,0f,2.220446049250313e-16f,1f,0.125f,-0.39032944529533947f,0.9206752544385195f,-2.220446049250313e-16f,0.0029687500000000148f,0f,0f,0f,1f],start_interpolation:0}
execute if entity @s[tag=aj.sandra.bone.left_arm] run data modify entity @s {} merge value {transformation:[-1f,3.682583948479539e-17f,1.16796641102639e-16f,0.31249999999999994f,0f,0.9537169507482268f,-0.3007057995042731f,0.5644625697545174f,-1.2246467991473532e-16f,-0.3007057995042731f,-0.9537169507482268f,0.32077973665576254f,0f,0f,0f,1f],start_interpolation:0}
execute if entity @s[tag=aj.sandra.bone.bodywear] run data modify entity @s {} merge value {transformation:[-1f,-6.580022455450643e-17f,1.0328566345430089e-16f,5.021439890653435e-17f,0f,0.8433914458128857f,0.5372996083468239f,-0.5826815764644154f,-1.2246467991473532e-16f,0.5372996083468239f,-0.8433914458128857f,-0.4100316837597222f,0f,0f,0f,1f],start_interpolation:0}
execute if entity @s[tag=aj.sandra.bone.torso] run data modify entity @s {} merge value {transformation:[-1f,-6.580022455450643e-17f,1.0328566345430089e-16f,-4.8485937925225294e-17f,0f,0.8433914458128857f,0.5372996083468239f,0.6824055922549132f,-1.2246467991473532e-16f,0.5372996083468239f,-0.8433914458128857f,0.39591772876051357f,0f,0f,0f,1f],start_interpolation:0}
execute if entity @s[tag=aj.sandra.bone.right_arm] run data modify entity @s {} merge value {transformation:[-1f,3.682583948479539e-17f,1.16796641102639e-16f,-0.31250000000000006f,0f,0.9537169507482268f,-0.3007057995042731f,0.5644625697545174f,-1.2246467991473532e-16f,-0.3007057995042731f,-0.9537169507482268f,0.3207797366557624f,0f,0f,0f,1f],start_interpolation:0}
execute if entity @s[tag=aj.sandra.bone.headwear] run data modify entity @s {} merge value {transformation:[-1f,-1.0285279285932332e-16f,6.647481348342173e-17f,-4.695279135832551e-17f,0f,0.5428080449783895f,0.8398567891651164f,0.6903811333163113f,-1.2246467991473532e-16f,0.8398567891651164f,-0.5428080449783895f,0.3833986369867286f,0f,0f,0f,1f],start_interpolation:0}
execute if entity @s[tag=aj.sandra.bone.head] run data modify entity @s {} merge value {transformation:[-1f,-1.0285279285932332e-16f,6.647481348342173e-17f,-4.695279135832551e-17f,0f,0.5428080449783895f,0.8398567891651164f,0.6903811333163113f,-1.2246467991473532e-16f,0.8398567891651164f,-0.5428080449783895f,0.3833986369867286f,0f,0f,0f,1f],start_interpolation:0}