execute if entity @s[tag=aj.sandra.bone.right_leg] run data modify entity @s {} merge value {transformation:[-0.9218631515885005f,0.3875155864521029f,-5.551115123125783e-17f,-0.120625f,0f,0f,1f,0.125f,0.3875155864521029f,0.9218631515885006f,-6.798155367234455e-33f,-0.0018750000000000147f,0f,0f,0f,1f],start_interpolation:0}
execute if entity @s[tag=aj.sandra.bone.left_leg] run data modify entity @s {} merge value {transformation:[-0.9218631515885005f,-0.3875155864521031f,5.551115123125783e-17f,0.120625f,0f,0f,1f,0.125f,-0.3875155864521031f,0.9218631515885006f,6.798155367234455e-33f,0.0018750000000000147f,0f,0f,0f,1f],start_interpolation:0}
execute if entity @s[tag=aj.sandra.bone.left_arm] run data modify entity @s {} merge value {transformation:[-1f,3.682583948479539e-17f,1.16796641102639e-16f,0.31249999999999994f,0f,0.9537169507482268f,-0.3007057995042731f,0.5720132239569533f,-1.2246467991473532e-16f,-0.3007057995042731f,-0.9537169507482268f,0.31910579691962f,0f,0f,0f,1f],start_interpolation:0}
execute if entity @s[tag=aj.sandra.bone.bodywear] run data modify entity @s {} merge value {transformation:[-1f,-6.580022455450643e-17f,1.0328566345430089e-16f,5.0779242378550054e-17f,0f,0.8433914458128857f,0.5372996083468239f,-0.5797432192312687f,-1.2246467991473532e-16f,0.5372996083468239f,-0.8433914458128857f,-0.41464398072901143f,0f,0f,0f,1f],start_interpolation:0}
execute if entity @s[tag=aj.sandra.bone.torso] run data modify entity @s {} merge value {transformation:[-1f,-6.580022455450643e-17f,1.0328566345430089e-16f,-4.792109445320959e-17f,0f,0.8433914458128857f,0.5372996083468239f,0.6853439494880599f,-1.2246467991473532e-16f,0.5372996083468239f,-0.8433914458128857f,0.39130543179122435f,0f,0f,0f,1f],start_interpolation:0}
execute if entity @s[tag=aj.sandra.bone.right_arm] run data modify entity @s {} merge value {transformation:[-1f,3.682583948479539e-17f,1.16796641102639e-16f,-0.31250000000000006f,0f,0.9537169507482268f,-0.3007057995042731f,0.5720132239569533f,-1.2246467991473532e-16f,-0.3007057995042731f,-0.9537169507482268f,0.3191057969196199f,0f,0f,0f,1f],start_interpolation:0}
execute if entity @s[tag=aj.sandra.bone.headwear] run data modify entity @s {} merge value {transformation:[-1f,-9.970039636912547e-17f,7.111560159668096e-17f,-4.695279135832551e-17f,0f,0.5807029557109398f,0.8141155183563193f,0.6903811333163113f,-1.2246467991473532e-16f,0.8141155183563193f,-0.5807029557109398f,0.3833986369867286f,0f,0f,0f,1f],start_interpolation:0}
execute if entity @s[tag=aj.sandra.bone.head] run data modify entity @s {} merge value {transformation:[-1f,-9.970039636912547e-17f,7.111560159668096e-17f,-4.695279135832551e-17f,0f,0.5807029557109398f,0.8141155183563193f,0.6903811333163113f,-1.2246467991473532e-16f,0.8141155183563193f,-0.5807029557109398f,0.3833986369867286f,0f,0f,0f,1f],start_interpolation:0}