execute if entity @s[tag=aj.sandra.bone.right_leg] run data modify entity @s {} merge value {transformation:[-0.9215246294676572f,0.3883199161574088f,-8.326672684688672e-17f,-0.12093749999999999f,0f,2.220446049250313e-16f,0.9999999999999999f,0.125f,0.3883199161574088f,0.921524629467657f,-2.220446049250313e-16f,-0.0021875000000000145f,0f,0f,0f,1f],start_interpolation:0}
execute if entity @s[tag=aj.sandra.bone.left_leg] run data modify entity @s {} merge value {transformation:[-0.9215246294676572f,-0.388319916157409f,8.326672684688677e-17f,0.12093749999999999f,0f,2.220446049250313e-16f,0.9999999999999999f,0.125f,-0.388319916157409f,0.921524629467657f,-2.220446049250313e-16f,0.0021875000000000145f,0f,0f,0f,1f],start_interpolation:0}
execute if entity @s[tag=aj.sandra.bone.left_arm] run data modify entity @s {} merge value {transformation:[-1f,3.682583948479539e-17f,1.16796641102639e-16f,0.31249999999999994f,0f,0.9537169507482268f,-0.3007057995042731f,0.5698558941848287f,-1.2246467991473532e-16f,-0.3007057995042731f,-0.9537169507482268f,0.31958406541566076f,0f,0f,0f,1f],start_interpolation:0}
execute if entity @s[tag=aj.sandra.bone.bodywear] run data modify entity @s {} merge value {transformation:[-1f,-6.580022455450643e-17f,1.0328566345430089e-16f,5.0617858529402715e-17f,0f,0.8433914458128857f,0.5372996083468239f,-0.5805827498693107f,-1.2246467991473532e-16f,0.5372996083468239f,-0.8433914458128857f,-0.41332618159492873f,0f,0f,0f,1f],start_interpolation:0}
execute if entity @s[tag=aj.sandra.bone.torso] run data modify entity @s {} merge value {transformation:[-1f,-6.580022455450643e-17f,1.0328566345430089e-16f,-4.808247830235693e-17f,0f,0.8433914458128857f,0.5372996083468239f,0.6845044188500179f,-1.2246467991473532e-16f,0.5372996083468239f,-0.8433914458128857f,0.39262323092530704f,0f,0f,0f,1f],start_interpolation:0}
execute if entity @s[tag=aj.sandra.bone.right_arm] run data modify entity @s {} merge value {transformation:[-1f,3.682583948479539e-17f,1.16796641102639e-16f,-0.31250000000000006f,0f,0.9537169507482268f,-0.3007057995042731f,0.5698558941848287f,-1.2246467991473532e-16f,-0.3007057995042731f,-0.9537169507482268f,0.31958406541566065f,0f,0f,0f,1f],start_interpolation:0}
execute if entity @s[tag=aj.sandra.bone.headwear] run data modify entity @s {} merge value {transformation:[-1f,-1.0062272925800947e-16f,6.980447108379162e-17f,-4.695279135832551e-17f,0f,0.569996762596303f,0.8216469379421637f,0.6903811333163113f,-1.2246467991473532e-16f,0.8216469379421637f,-0.569996762596303f,0.3833986369867286f,0f,0f,0f,1f],start_interpolation:0}
execute if entity @s[tag=aj.sandra.bone.head] run data modify entity @s {} merge value {transformation:[-1f,-1.0062272925800947e-16f,6.980447108379162e-17f,-4.695279135832551e-17f,0f,0.569996762596303f,0.8216469379421637f,0.6903811333163113f,-1.2246467991473532e-16f,0.8216469379421637f,-0.569996762596303f,0.3833986369867286f,0f,0f,0f,1f],start_interpolation:0}