execute if entity @s[tag=aj.sandra.bone.right_leg] run data modify entity @s {} merge value {transformation:[-0.9228745046891544f,0.3851008291275778f,-8.326672684688672e-17f,-0.11968749999999999f,-2.7755575615628914e-17f,2.220446049250313e-16f,0.9999999999999999f,0.125f,0.3851008291275778f,0.9228745046891543f,-2.220446049250313e-16f,-0.000937500000000015f,0f,0f,0f,1f],start_interpolation:0}
execute if entity @s[tag=aj.sandra.bone.left_leg] run data modify entity @s {} merge value {transformation:[-0.9228745046891544f,-0.38510082912757804f,8.326672684688677e-17f,0.11968749999999999f,2.7755575615628914e-17f,2.220446049250313e-16f,0.9999999999999999f,0.125f,-0.38510082912757804f,0.9228745046891543f,-2.220446049250313e-16f,0.000937500000000015f,0f,0f,0f,1f],start_interpolation:0}
execute if entity @s[tag=aj.sandra.bone.left_arm] run data modify entity @s {} merge value {transformation:[-1f,3.682583948479539e-17f,1.16796641102639e-16f,0.31249999999999994f,0f,0.9537169507482268f,-0.3007057995042731f,0.5784852132733269f,-1.2246467991473532e-16f,-0.3007057995042731f,-0.9537169507482268f,0.3176709914314979f,0f,0f,0f,1f],start_interpolation:0}
execute if entity @s[tag=aj.sandra.bone.bodywear] run data modify entity @s {} merge value {transformation:[-1f,-6.580022455450643e-17f,1.0328566345430089e-16f,5.1263393925992094e-17f,0f,0.8433914458128857f,0.5372996083468239f,-0.5772246273171431f,-1.2246467991473532e-16f,0.5372996083468239f,-0.8433914458128857f,-0.4185973781312593f,0f,0f,0f,1f],start_interpolation:0}
execute if entity @s[tag=aj.sandra.bone.torso] run data modify entity @s {} merge value {transformation:[-1f,-6.580022455450643e-17f,1.0328566345430089e-16f,-4.743694290576755e-17f,0f,0.8433914458128857f,0.5372996083468239f,0.6878625414021855f,-1.2246467991473532e-16f,0.5372996083468239f,-0.8433914458128857f,0.3873520343889765f,0f,0f,0f,1f],start_interpolation:0}
execute if entity @s[tag=aj.sandra.bone.right_arm] run data modify entity @s {} merge value {transformation:[-1f,3.682583948479539e-17f,1.16796641102639e-16f,-0.31250000000000006f,0f,0.9537169507482268f,-0.3007057995042731f,0.5784852132733269f,-1.2246467991473532e-16f,-0.3007057995042731f,-0.9537169507482268f,0.3176709914314978f,0f,0f,0f,1f],start_interpolation:0}
execute if entity @s[tag=aj.sandra.bone.headwear] run data modify entity @s {} merge value {transformation:[-1f,-9.683154556045829e-17f,7.497499323768871e-17f,-4.695279135832551e-17f,0f,0.6122172800344492f,0.7906895737438434f,0.6903811333163113f,-1.2246467991473532e-16f,0.7906895737438434f,-0.6122172800344492f,0.3833986369867286f,0f,0f,0f,1f],start_interpolation:0}
execute if entity @s[tag=aj.sandra.bone.head] run data modify entity @s {} merge value {transformation:[-1f,-9.683154556045829e-17f,7.497499323768871e-17f,-4.695279135832551e-17f,0f,0.6122172800344492f,0.7906895737438434f,0.6903811333163113f,-1.2246467991473532e-16f,0.7906895737438434f,-0.6122172800344492f,0.3833986369867286f,0f,0f,0f,1f],start_interpolation:0}