execute if entity @s[tag=aj.sandra.bone.right_leg] run data modify entity @s {} merge value {transformation:[-0.9213551052231925f,0.3887219701523954f,-8.32667268468867e-17f,-0.12109375f,-2.7755575615628914e-17f,3.3306690738754696e-16f,0.9999999999999999f,0.125f,0.3887219701523954f,0.9213551052231924f,-3.3306690738754696e-16f,-0.002343750000000015f,0f,0f,0f,1f],start_interpolation:0}
execute if entity @s[tag=aj.sandra.bone.left_leg] run data modify entity @s {} merge value {transformation:[-0.9213551052231925f,-0.3887219701523956f,8.326672684688678e-17f,0.12109375f,2.7755575615628914e-17f,3.3306690738754696e-16f,0.9999999999999999f,0.125f,-0.3887219701523956f,0.9213551052231924f,-3.3306690738754696e-16f,0.002343750000000015f,0f,0f,0f,1f],start_interpolation:0}
execute if entity @s[tag=aj.sandra.bone.left_arm] run data modify entity @s {} merge value {transformation:[-1f,3.682583948479539e-17f,1.16796641102639e-16f,0.31249999999999994f,0f,0.9537169507482268f,-0.3007057995042731f,0.5687772292987665f,-1.2246467991473532e-16f,-0.3007057995042731f,-0.9537169507482268f,0.3198231996636811f,0f,0f,0f,1f],start_interpolation:0}
execute if entity @s[tag=aj.sandra.bone.bodywear] run data modify entity @s {} merge value {transformation:[-1f,-6.580022455450643e-17f,1.0328566345430089e-16f,5.053716660482904e-17f,0f,0.8433914458128857f,0.5372996083468239f,-0.5810025151883316f,-1.2246467991473532e-16f,0.5372996083468239f,-0.8433914458128857f,-0.4126672820278874f,0f,0f,0f,1f],start_interpolation:0}
execute if entity @s[tag=aj.sandra.bone.torso] run data modify entity @s {} merge value {transformation:[-1f,-6.580022455450643e-17f,1.0328566345430089e-16f,-4.8163170226930605e-17f,0f,0.8433914458128857f,0.5372996083468239f,0.684084653530997f,-1.2246467991473532e-16f,0.5372996083468239f,-0.8433914458128857f,0.3932821304923484f,0f,0f,0f,1f],start_interpolation:0}
execute if entity @s[tag=aj.sandra.bone.right_arm] run data modify entity @s {} merge value {transformation:[-1f,3.682583948479539e-17f,1.16796641102639e-16f,-0.31250000000000006f,0f,0.9537169507482268f,-0.3007057995042731f,0.5687772292987665f,-1.2246467991473532e-16f,-0.3007057995042731f,-0.9537169507482268f,0.319823199663681f,0f,0f,0f,1f],start_interpolation:0}
execute if entity @s[tag=aj.sandra.bone.headwear] run data modify entity @s {} merge value {transformation:[-1f,-1.0107744001968521e-16f,6.914440646708537e-17f,-4.695279135832551e-17f,0f,0.5646069259743005f,0.8253599330848638f,0.6903811333163113f,-1.2246467991473532e-16f,0.8253599330848638f,-0.5646069259743005f,0.3833986369867286f,0f,0f,0f,1f],start_interpolation:0}
execute if entity @s[tag=aj.sandra.bone.head] run data modify entity @s {} merge value {transformation:[-1f,-1.0107744001968521e-16f,6.914440646708537e-17f,-4.695279135832551e-17f,0f,0.5646069259743005f,0.8253599330848638f,0.6903811333163113f,-1.2246467991473532e-16f,0.8253599330848638f,-0.5646069259743005f,0.3833986369867286f,0f,0f,0f,1f],start_interpolation:0}